v	B
2590	54.88647739
2589.419187	55.03218018
2588.838634	55.17856367
2588.258342	55.30407919
2587.67831	55.41920489
2587.098537	55.534928
2586.519025	55.65125196
2585.939772	55.76818023
2585.360778	55.854547
2584.782044	55.89071637
2584.203568	55.90841259
2583.625352	55.92616391
2583.047394	55.92886788
2582.469694	55.92271896
2581.892254	55.91661792
2581.315071	55.90894255
2580.738146	55.88211278
2580.161479	55.84359536
2579.58507	55.8051999
2579.008918	55.76692606
2578.433023	55.7287735
2577.857386	55.64110527
2577.282005	55.52809233
2576.706882	55.40098737
2576.132015	55.26641766
2575.557404	55.12264289
2574.98305	54.97942321
2574.408952	54.83673492
2573.83511	54.6820788
2573.261523	54.52677282
2572.688192	54.37202161
2572.115117	54.21782282
2571.542297	54.05343029
2570.969732	53.87038099
2570.397421	53.67906563
2569.825366	53.46930953
2569.253565	53.26057885
2568.682019	53.03046652
2568.110726	52.79150138
2567.539688	52.55379554
2566.968904	52.2867836
2566.398373	51.96395525
2565.828096	51.63721922
2565.258073	51.31274687
2564.688302	50.99052095
2564.118785	50.6733531
2563.54952	50.36539787
2562.980508	50.02778894
2562.411749	49.64642316
2561.843242	49.25827523
2561.274988	48.83172758
2560.706985	48.40300847
2560.139234	47.96445779
2559.571735	47.45869201
2559.004488	46.95891144
2558.437492	46.46503961
2557.870747	45.97286567
2557.304253	45.44660099
2556.73801	44.9048924
2556.172017	44.36638949
2555.606276	43.81478213
2555.040784	43.26898362
2554.475543	42.70694699
2553.910552	42.12917565
2553.34581	41.55956856
2552.781319	40.95588962
2552.217077	40.3496606
2551.653084	39.75319891
2551.089341	39.16633588
2550.525846	38.5869121
2549.962601	37.98116206
2549.399604	37.37421258
2548.836855	36.81198201
2548.274355	36.26318017
2547.712104	35.72670254
2547.1501	35.20908194
2546.588344	34.70208706
2546.026836	34.21922976
2545.465576	33.76622995
2544.904563	33.3195695
2544.343797	32.87915772
2543.783278	32.47786785
2543.223006	32.09092966
2542.662981	31.72235402
2542.103203	31.35883836
2541.543671	31.0328744
2540.984385	30.71738239
2540.425345	30.44479562
2539.866551	30.21943537
2539.308003	30.0011419
2538.749701	29.91982493
2538.191644	29.88552784
2537.633832	29.85316958
2537.076266	29.82274194
2536.518944	29.8330749
2535.961867	29.88730294
2535.405035	29.99488387
2534.848447	30.14072817
2534.292104	30.31994389
2533.736005	30.51780919
2533.180149	30.76511834
2532.624538	31.03566566
2532.06917	31.36422034
2531.514046	31.72588676
2530.959165	32.09318478
2530.404528	32.48262182
2529.850133	32.95345766
2529.295981	33.46170242
2528.742072	34.00618623
2528.188406	34.55983233
2527.634982	35.13474266
2527.0818	35.72357493
2526.52886	36.33636788
2525.976162	36.9688176
2525.423706	37.6114383
2524.871492	38.26129388
2524.319519	38.92226497
2523.767787	39.59486851
2523.216297	40.28269162
2522.665047	40.98520245
2522.114038	41.68500212
2521.56327	42.38132644
2521.012742	43.08611541
2520.462455	43.78870317
2519.912408	44.49713429
2519.362601	45.20174768
2518.813033	45.90644658
2518.263706	46.5695633
2517.714618	47.23746958
2517.165769	47.91538494
2516.61716	48.55568758
2516.06879	49.17818622
2515.520658	49.78819828
2514.972766	50.3895251
2514.425112	50.99832447
2513.877696	51.59330465
2513.330519	52.18421541
2512.78358	52.75727201
2512.236879	53.31605822
2511.690416	53.84378766
2511.14419	54.291114
2510.598202	54.73777079
2510.052451	55.17206822
2509.506938	55.57781649
2508.961662	55.98221487
2508.416622	56.33066121
2507.871819	56.67438903
2507.327253	57.01726836
2506.782924	57.33640983
2506.23883	57.64689235
2505.694973	57.94126288
2505.151352	58.21562801
2504.607966	58.45083674
2504.064817	58.68716799
2503.521903	58.89554551
2502.979224	59.07053237
2502.43678	59.24611097
2501.894571	59.41767348
2501.352598	59.58874685
2500.810859	59.76037888
2500.269355	59.92236127
2499.728085	60.0770271
2499.187049	60.21596314
2498.646248	60.34315687
2498.105681	60.43308592
2497.565347	60.49888026
2497.025247	60.5650598
2496.485381	60.63383725
2495.945748	60.70274841
2495.406348	60.7625899
2494.867182	60.81163153
2494.328248	60.86074723
2493.789547	60.90981684
2493.251079	60.95309363
2492.712843	60.99177864
2492.17484	61.02382528
2491.637069	61.03672241
2491.09953	61.03743411
2490.562222	61.03713144
2490.025147	61.03062381
2489.488303	61.02413957
2488.95169	61.01663271
2488.415309	60.99473976
2487.879159	60.97288393
2487.34324	60.95106522
2486.807552	60.93048601
2486.272094	60.91127613
2485.736867	60.8896147
2485.20187	60.86720366
2484.667104	60.8505356
2484.132568	60.83701267
2483.598261	60.81463431
2483.064185	60.79073239
2482.530338	60.76694179
2481.99672	60.73828886
2481.463332	60.70714472
2480.930173	60.67604427
2480.397243	60.64498747
2479.864543	60.61889708
2479.33207	60.59515295
2478.799827	60.57335336
2478.267812	60.57450551
2477.736025	60.58317914
2477.204466	60.58807426
2476.673136	60.59167136
2476.142033	60.595316
2475.611158	60.60250469
2475.080511	60.6169976
2474.550091	60.63151504
2474.019898	60.64605703
2473.489933	60.66123224
2472.960194	60.67750309
2472.430683	60.69777172
2471.901398	60.72407175
2471.37234	60.76077271
2470.843508	60.80232936
2470.314902	60.84735827
2469.786522	60.89245364
2469.258369	60.9368645
2468.730441	60.99386199
2468.202739	61.05159525
2467.675263	61.10942148
2467.148012	61.16734084
2466.620986	61.22012242
2466.094185	61.26998415
2465.567609	61.31820549
2465.041259	61.34119783
2464.515132	61.36125432
2463.989231	61.38034356
2463.463553	61.3994678
2462.9381	61.41862711
2462.412872	61.43316303
2461.887867	61.44433936
2461.363085	61.45552775
2460.838528	61.4667282
2460.314194	61.47447455
2459.790084	61.47319091
2459.266196	61.46059873
2458.742532	61.42040176
2458.219091	61.3285626
2457.695873	61.22889058
2457.172877	61.12947947
2456.650104	61.02414263
2456.127553	60.90159766
2455.605225	60.76103976
2455.083118	60.62085173
2454.561234	60.48103252
2454.039571	60.34158108
2453.51813	60.19606562
2452.996911	60.0433956
2452.475913	59.8828961
2451.955136	59.69227232
2451.434581	59.47479815
2450.914246	59.25816241
2450.394133	59.04236166
2449.87424	58.82739247
2449.354567	58.60585188
2448.835115	58.38373251
2448.315883	58.16249985
2447.796872	57.94215015
2447.27808	57.72358809
2446.759508	57.50998873
2446.241156	57.30243165
2445.723024	57.11986459
2445.205111	56.96673538
2444.687417	56.81411195
2444.169943	56.66199259
2443.652687	56.53328331
2443.135651	56.4154346
2442.618833	56.30860038
2442.102233	56.20210758
2441.585853	56.09595521
2441.06969	55.99014229
2440.553746	55.89721644
2440.03802	55.8236341
2439.522511	55.78240974
2439.007221	55.83162134
2438.492148	55.89983858
2437.977293	55.96818858
2437.462655	56.03667161
2436.948234	56.10777323
2436.43403	56.20420787
2435.920043	56.3008616
2435.406273	56.39773502
2434.89272	56.49482878
2434.379383	56.59455706
2433.866263	56.71708642
2433.353359	56.86101387
2432.840671	57.09114156
2432.328199	57.35189975
2431.815943	57.61399444
2431.303903	57.89236957
2430.792078	58.18356304
2430.280469	58.48176427
2429.769075	58.78372717
2429.257896	59.08731675
2428.746932	59.39254204
2428.236183	59.69941214
2427.725649	60.01367949
2427.215329	60.33795631
2426.705224	60.6811173
2426.195334	61.04208896
2425.685657	61.40737747
2425.176195	61.77492099
2424.666947	62.14473388
2424.157912	62.51265164
2423.649091	62.87486271
2423.140484	63.23928072
2422.63209	63.60591972
2422.12391	63.97479382
2421.615942	64.34575131
2421.108188	64.70564894
2420.600646	65.04068469
2420.093317	65.32174305
2419.586201	65.58959372
2419.079297	65.84847202
2418.572606	66.06764902
2418.066127	66.28791127
2417.55986	66.49393086
2417.053805	66.70054496
2416.547962	66.90819045
2416.04233	67.11687214
2415.53691	67.32659486
2415.031701	67.52167881
2414.526704	67.6712882
2414.021918	67.69214724
2413.517343	67.69147953
2413.012978	67.67517454
2412.508825	67.65900266
2412.004882	67.64296358
2411.501149	67.61594786
2410.997627	67.58167327
2410.494316	67.54754661
2409.991214	67.51356752
2409.488322	67.47973567
2408.98564	67.44605068
2408.483168	67.34687461
2407.980905	67.12328825
2407.478852	66.76130733
2406.977008	66.36964732
2406.475373	65.91603142
2405.973948	65.45331244
2405.472731	64.98676184
2404.971723	64.49722309
2404.470924	64.01214846
2403.970333	63.53148953
2403.46995	63.05519853
2402.969776	62.58322822
2402.46981	62.07819771
2401.970052	61.4087499
2401.470502	60.58240153
2400.97116	59.75651112
2400.472025	58.90429449
2399.973097	58.06468475
2399.474377	57.23749097
2398.975865	56.37714746
2398.477559	55.52232234
2397.97946	54.6805888
2397.481569	53.85174451
2396.983884	53.03559028
2396.486405	52.22174029
2395.989133	51.3144593
2395.492067	50.25277607
2394.995208	49.14762344
2394.498554	48.01180766
2394.002107	46.85163268
2393.505865	45.7205181
2393.009829	44.59493146
2392.513998	43.47398939
2392.018373	42.38186417
2391.522954	41.31780165
2391.027739	40.28106775
2390.53273	39.26982203
2390.037925	38.23759468
2389.543325	37.13822579
2389.04893	36.02565417
2388.554739	34.94628101
2388.060753	33.89189611
2387.566971	32.86994795
2387.073394	31.87877066
2386.58002	30.91297088
2386.08685	29.97695745
2385.593884	29.06979471
2385.101122	28.19057693
2384.608563	27.33842732
2384.116207	26.53197179
2383.624055	25.77814194
2383.132106	25.16220543
2382.64036	24.59120889
2382.148817	24.12168067
2381.657476	23.67884524
2381.166339	23.24725171
2380.675404	22.85909671
2380.184671	22.49174511
2379.69414	22.13321856
2379.203812	21.78330844
2378.713686	21.44181123
2378.223761	21.15398083
2377.734038	20.95428405
2377.244517	20.94447675
2376.755198	20.99179692
2376.26608	21.04063528
2375.777163	21.13695714
2375.288447	21.23596594
2374.799932	21.35451063
2374.311619	21.50622964
2373.823506	21.65935789
2373.335593	21.81391007
2372.847881	21.96990101
2372.36037	22.15016379
2371.873059	22.34409577
2371.385948	22.58906806
2370.899037	22.96398201
2370.412326	23.37232682
2369.925814	23.81049637
2369.439503	24.2730068
2368.953391	24.74508972
2368.467478	25.24058323
2367.981765	25.74660915
2367.496251	26.26330024
2367.010936	26.79089146
2366.525819	27.32684737
2366.040902	27.87403644
2365.556183	28.43628898
2365.071663	28.97473369
2364.587342	29.5209504
2364.103218	30.07761664
2363.619293	30.64034782
2363.135566	31.21289157
2362.652037	31.78691589
2362.168706	32.36587772
2361.685572	32.95563931
2361.202636	33.55640653
2360.719897	34.16214697
2360.237356	34.77040271
2359.755012	35.38983457
2359.272865	35.96024242
2358.790916	36.43728348
2358.309163	36.8956725
2357.827606	37.35515539
2357.346247	37.80751652
2356.865083	38.26161394
2356.384117	38.7093439
2355.903346	39.16248105
2355.422772	39.62109243
2354.942394	40.08354575
2354.462211	40.54753991
2353.982225	40.99593082
2353.502434	41.44254971
2353.022838	41.83008963
2352.543438	42.21680359
2352.064233	42.60716474
2351.585224	42.99127042
2351.106409	43.37480903
2350.62779	43.75489605
2350.149365	44.13738019
2349.671135	44.52327026
2349.1931	44.91179465
2348.715259	45.30001892
2348.237612	45.69164002
2347.76016	46.08668807
2347.282902	46.46510456
2346.805838	46.82279197
2346.328967	47.1826415
2345.852291	47.54422131
2345.375808	47.90203539
2344.899518	48.25880403
2344.423422	48.61451322
2343.94752	48.97294392
2343.47181	49.33313016
2342.996294	49.67938304
2342.52097	50.0183435
2342.045839	50.35225422
2341.570901	50.68021153
2341.096156	50.99062054
2340.621603	51.30195415
2340.147242	51.61520673
2339.673074	51.92525653
2339.199098	52.23173854
2338.725313	52.5284878
2338.251721	52.82697301
2337.77832	53.12720457
2337.305111	53.4033599
2336.832094	53.67923314
2336.359268	53.95662534
2335.886633	54.23386857
2335.414189	54.40098102
2334.941937	54.51495295
2334.469875	54.62940958
2333.998005	54.74409934
2333.526325	54.84365672
2333.054835	54.93141434
2332.583537	55.01561024
2332.112428	55.10012805
2331.64151	55.16743279
2331.170782	55.22374865
2330.700244	55.24850901
2330.229896	55.27348431
2329.759737	55.2621687
2329.289769	55.19224526
2328.819989	55.11438297
2328.3504	55.03674074
2327.880999	54.95099726
2327.411788	54.85072664
2326.942766	54.74330287
2326.473933	54.63610737
2326.005289	54.52515289
2325.536834	54.41267149
2325.068567	54.30044309
2324.600489	54.18846708
2324.1326	54.07085024
2323.664898	53.92786536
2323.197385	53.76801702
2322.73006	53.60875422
2322.262923	53.45007452
2321.795974	53.28465149
2321.329212	53.11567548
2320.862638	52.94732729
2320.396252	52.78332931
2319.930053	52.62273902
2319.464041	52.47201792
2318.998217	52.32414861
2318.532579	52.17683988
2318.067129	52.05361
2317.601865	51.95026312
2317.136788	51.85181461
2316.671898	51.75359348
2316.207194	51.65880847
2315.742677	51.5754521
2315.278346	51.49476842
2314.814201	51.4188568
2314.350242	51.34876301
2313.886469	51.27881726
2313.422882	51.20901923
2312.959481	51.13936859
2312.496265	51.11411919
2312.033235	51.15070923
2311.57039	51.22092692
2311.10773	51.29137907
2310.645256	51.36206636
2310.182967	51.45079869
2309.720862	51.55414526
2309.258943	51.66065911
2308.797208	51.77341536
2308.335658	51.89067686
2307.874292	52.01410097
2307.41311	52.13784186
2306.952113	52.26532327
2306.4913	52.41111707
2306.030672	52.57428662
2305.570227	52.74273446
2305.109966	52.91180435
2304.649888	53.08304277
2304.189994	53.2697645
2303.730284	53.45913986
2303.270757	53.65294654
2302.811414	53.84751405
2302.352254	54.04284552
2301.893276	54.2389441
2301.434482	54.4363183
2300.97587	54.60769047
2300.517442	54.76057165
2300.059196	54.89697257
2299.601132	55.03376683
2299.143251	55.17095565
2298.685552	55.29948654
2298.228035	55.42189768
2297.770701	55.54123647
2297.313548	55.66078796
2296.856577	55.77852247
2296.399788	55.89653853
2295.943181	56.01483687
2295.486755	56.12119881
2295.030511	56.21023684
2294.574448	56.27361063
2294.118566	56.32830246
2293.662865	56.38312567
2293.207346	56.43480927
2292.752007	56.45892393
2292.296849	56.4740144
2291.841871	56.48879305
2291.387075	56.50361341
2290.932458	56.51847554
2290.478023	56.53317037
2290.023767	56.53534224
2289.569691	56.54010732
2289.115796	56.54267854
2288.66208	56.54208261
2288.208544	56.54151936
2287.755188	56.54098881
2287.302012	56.53269798
2286.849015	56.51761983
2286.396198	56.50184031
2285.943559	56.47886233
2285.4911	56.45202724
2285.03882	56.42522521
2284.586719	56.39845622
2284.134797	56.39223879
2283.683054	56.39667609
2283.231489	56.41675835
2282.780103	56.44518918
2282.328895	56.47374672
2281.877866	56.50528512
2281.427014	56.55665531
2280.976341	56.61040625
2280.525846	56.66427673
2280.075529	56.71826704
2279.62539	56.77237744
2279.175428	56.82837845
2278.725644	56.8882594
2278.276038	56.94922077
2277.826608	57.01298301
2277.377357	57.08119953
2276.928282	57.14975693
2276.479384	57.218811
2276.030664	57.29860155
2275.58212	57.38174251
2275.133753	57.46470077
2274.685562	57.54672167
2274.237548	57.62899522
2273.789711	57.71152217
2273.34205	57.7943033
2272.894565	57.82626238
2272.447256	57.85328397
2272.000124	57.84922088
2271.553167	57.82412698
2271.106386	57.79916803
2270.659781	57.75075989
2270.213351	57.66169538
2269.767097	57.5676058
2269.321018	57.47374271
2268.875115	57.38010548
2268.429387	57.2687091
2267.983834	57.10625329
2267.538456	56.84037133
2267.093252	56.4563355
2266.648224	56.05583931
2266.20337	55.59121893
2265.758691	55.12192815
2265.314186	54.62567327
2264.869856	54.05663839
2264.4257	53.45848522
2263.981718	52.79599373
2263.53791	52.13267502
2263.094277	51.47805637
2262.650817	50.83201827
2262.20753	50.17259431
2261.764418	49.40973794
2261.321479	48.65975775
2260.878713	47.87253977
2260.436121	47.06693388
2259.993702	46.26480828
2259.551456	45.4056145
2259.109384	44.53972266
2258.667484	43.68140769
2258.225757	42.84030154
2257.784203	42.01604718
2257.342821	41.21938089
2256.901612	40.44015711
2256.460575	39.68490618
2256.019711	38.95730763
2255.579019	38.24785235
2255.138499	37.56890297
2254.698151	36.91014227
2254.257976	36.28307842
2253.817971	35.67774138
2253.378139	35.13627985
2252.938478	34.63279465
2252.498989	34.13910852
2252.059671	33.6550028
2251.620525	33.18026415
2251.18155	32.77438091
2250.742746	32.4602454
2250.304113	32.15239209
2249.865651	31.9207571
2249.427359	31.75861702
2248.989239	31.6879008
2248.551289	31.6773156
2248.11351	31.70712016
2247.675901	31.77081868
2247.238462	31.83591367
2246.801194	31.95632877
2246.364096	32.13344446
2245.927167	32.31955844
2245.490409	32.76643081
2245.053821	33.23199156
2244.617402	33.74290353
2244.181153	34.33237125
2243.745074	35.01332009
2243.309163	35.76601745
2242.873423	36.55971843
2242.437851	37.49340461
2242.002449	38.4523657
2241.567216	39.43640307
2241.132151	40.4461868
2240.697256	41.4824053
2240.262529	42.54415818
2239.827971	43.63282406
2239.393582	44.75027785
2238.959361	45.90034551
2238.525308	47.04689241
2238.091423	48.21355895
2237.657707	49.40265438
2237.224159	50.61254227
2236.790779	51.83965751
2236.357566	53.08684419
2235.924522	54.28622933
2235.491645	55.51499993
2235.058935	56.7078668
2234.626394	57.71801301
2234.194019	58.74805288
2233.761812	59.77034706
2233.329772	60.71199544
2232.897899	61.60913459
2232.466193	62.4661312
2232.034654	63.25690238
2231.603282	63.97953844
2231.172076	64.70268883
2230.741037	65.43505319
2230.310165	66.17675995
2229.879459	66.92793946
2229.448919	67.52959576
2229.018546	68.12147492
2228.588339	68.71408837
2228.158297	69.22682074
2227.728422	69.64563761
2227.298712	70.03004595
2226.869169	70.39943136
2226.439791	70.75682225
2226.010578	71.08067872
2225.581531	71.36774676
2225.152649	71.64264797
2224.723933	71.91885574
2224.295381	72.11246643
2223.866995	72.22540516
2223.438774	72.33898626
2223.010717	72.4193959
2222.582826	72.45276308
2222.155099	72.46304428
2221.727537	72.44853547
2221.300139	72.41748109
2220.872905	72.37427233
2220.445836	72.32645273
2220.018931	72.27875679
2219.592191	72.23118435
2219.165614	72.18436485
2218.739201	72.14096986
2218.312952	72.09768331
2217.886867	72.05357322
2217.460946	72.00840993
2217.035188	71.97602687
2216.609593	71.95166696
2216.184162	71.92782887
2215.758894	71.90582469
2215.333789	71.89613841
2214.908848	71.89149727
2214.484069	71.88695349
2214.059453	71.88250705
2213.635	71.9517548
2213.21071	72.04360024
2212.786582	72.13668161
2212.362617	72.25025005
2211.938815	72.38149171
2211.515174	72.53730092
2211.091696	72.70344156
2210.66838	72.87015698
2210.245227	73.04476551
2209.822235	73.22497741
2209.399405	73.40567564
2208.976736	73.58686158
2208.55423	73.77774002
2208.131885	73.9824761
2207.709701	74.18798817
2207.287679	74.40219186
2206.865819	74.62335166
2206.444119	74.84536224
2206.022581	75.06896757
2205.601203	75.29330498
2205.179987	75.51824271
2204.758931	75.73073954
2204.338037	75.94377096
2203.917303	76.15749907
2203.496729	76.37034828
2203.076316	76.51483606
2202.656063	76.65969634
2202.235971	76.80707215
2201.816039	76.94456469
2201.396267	77.07122926
2200.976655	77.16938543
2200.557203	77.26251001
2200.13791	77.35578789
2199.718778	77.44261665
2199.299805	77.52192002
2198.880992	77.60134335
2198.462338	77.68088682
2198.043844	77.73184677
2197.625509	77.76810499
2197.207333	77.80070864
2196.789316	77.82917454
2196.371458	77.84221824
2195.953759	77.83956156
2195.536219	77.82657643
2195.118838	77.81365595
2194.701616	77.7945609
2194.284552	77.76417943
2193.867646	77.73304834
2193.450899	77.70198505
2193.03431	77.66984968
2192.61788	77.63489215
2192.201607	77.59178541
2191.785493	77.54437443
2191.369536	77.49389111
2190.953738	77.4391722
2190.538097	77.36973068
2190.122614	77.3003635
2189.707288	77.23107059
2189.29212	77.16197533
2188.877109	77.09320035
2188.462256	77.02449883
2188.047559	76.9558707
2187.63302	76.90327695
2187.218638	76.84432249
2186.804413	76.77839823
2186.390345	76.71339328
2185.976434	76.6519243
2185.562679	76.59223371
2185.149081	76.5337363
2184.735639	76.47258765
2184.322354	76.4020523
2183.909225	76.33101057
2183.496252	76.25988629
2183.083436	76.188861
2182.670775	76.10727548
2182.258271	76.01351015
2181.845922	75.91502652
2181.43373	75.8167227
2181.021693	75.71704278
2180.609811	75.60823164
2180.198085	75.48895302
2179.786515	75.36990837
2179.3751	75.25109716
2178.96384	75.13088227
2178.552735	75.00453873
2178.141786	74.87844854
2177.730991	74.74681485
2177.320352	74.58574998
2176.909867	74.42697469
2176.499537	74.26856849
2176.089362	74.10804956
2175.679341	73.93929079
2175.269475	73.75828311
2174.859763	73.57105052
2174.450205	73.38780771
2174.040802	73.20569029
2173.631553	73.01895998
2173.222457	72.8298672
2172.813516	72.64128346
2172.404729	72.43596483
2171.996095	72.23323367
2171.587616	72.03114478
2171.179289	71.82969592
2170.771117	71.62701461
2170.363097	71.4246538
2169.955231	71.22211616
2169.547519	71.02023071
2169.139959	70.81899477
2168.732553	70.6187173
2168.3253	70.42291795
2167.918199	70.22773916
2167.511251	70.04538452
2167.104457	69.88680489
2166.697814	69.72862423
2166.291325	69.57084146
2165.884988	69.41680833
2165.478803	69.27479217
2165.072771	69.14800297
2164.66689	69.03660877
2164.261162	68.93026431
2163.855586	68.82412814
2163.450163	68.72597947
2163.04489	68.63547791
2162.63977	68.54984759
2162.234802	68.54546481
2161.829985	68.54142269
2161.425319	68.53748477
2161.020806	68.53420227
2160.616443	68.55768398
2160.212232	68.59665969
2159.808172	68.65399572
2159.404263	68.71325345
2159.000505	68.77261981
2158.596898	68.83209498
2158.193442	68.90068266
2157.790137	68.96990848
2157.386983	69.04931584
2156.983979	69.13369644
2156.581125	69.21824798
2156.178423	69.30297082
2155.77587	69.38812196
2155.373468	69.47607325
2154.971216	69.56480446
2154.569114	69.65361034
2154.167162	69.74257992
2153.76536	69.83171353
2153.363708	69.91792631
2152.962206	69.99927962
2152.560853	70.05869969
2152.15965	70.07200979
2151.758596	70.08539789
2151.357692	70.09886397
2150.956938	70.1095211
2150.556332	70.10265387
2150.155876	70.08204958
2149.755569	70.04547334
2149.355411	70.0051302
2148.955402	69.96484939
2148.555542	69.92463079
2148.15583	69.87196
2147.756267	69.81517888
2147.356853	69.73000121
2146.957588	69.64225797
2146.55847	69.5546857
2146.159502	69.46728403
2145.760681	69.37532458
2145.362009	69.26302082
2144.963485	69.13375005
2144.565108	68.99574363
2144.16688	68.85806256
2143.7688	68.72070603
2143.370867	68.58313671
2142.973082	68.44320074
2142.575445	68.32363103
2142.177955	68.22034025
2141.780613	68.11727755
2141.383418	68.01162746
2140.98637	67.89880919
2140.58947	67.79110865
2140.192717	67.68466194
2139.796111	67.58940014
2139.399651	67.49869163
2139.003339	67.40816445
2138.607173	67.31781819
2138.211154	67.23515525
2137.815282	67.16052387
2137.419557	67.11741086
2137.023977	67.07450283
2136.628545	67.03179961
2136.233258	66.98930102
2135.838118	66.95074016
2135.443124	66.92716647
2135.048276	66.90305831
2134.653574	66.88176251
2134.259018	66.86062175
2133.864607	66.83963598
2133.470343	66.81620997
2133.076224	66.78218092
2132.682251	66.6668007
2132.288423	66.53825914
2131.894741	66.41032128
2131.501204	66.26847834
2131.107812	66.12556169
2130.714565	65.96368796
2130.321464	65.79627666
2129.928507	65.60407923
2129.535696	65.39737668
2129.143029	65.1916577
2128.750507	64.98408699
2128.35813	64.72301871
2127.965898	64.38891776
2127.57381	63.97167899
2127.181866	63.5578281
2126.790067	63.14733356
2126.398412	62.74016414
2126.006901	62.31059225
2125.615535	61.75580943
2125.224313	61.19719446
2124.833234	60.58020154
2124.4423	59.97018602
2124.051509	59.36706153
2123.660862	58.72157936
2123.270359	58.01470009
2122.879999	57.10605935
2122.489783	56.21403778
2122.09971	55.30495766
2121.709781	54.38046477
2121.319994	53.4729203
2120.930351	52.52030284
2120.540852	51.57615889
2120.151495	50.63061867
2119.762281	49.68669734
2119.37321	48.76123062
2118.984282	47.83917485
2118.595496	46.9277279
2118.206853	46.01755427
2117.818353	45.1205204
2117.429995	44.24187836
2117.04178	43.38123228
2116.653707	42.53819521
2116.265776	41.77426935
2115.877987	41.08425684
2115.490341	40.40869617
2115.102836	39.8038562
2114.715474	39.21185853
2114.328253	38.67088483
2113.941174	38.15624664
2113.554237	37.82041093
2113.167441	37.71067372
2112.780787	37.61818645
2112.394275	37.62284386
2112.007903	37.6311379
2111.621673	37.65187461
2111.235585	37.81548112
2110.849637	37.99016044
2110.463831	38.21292084
2110.078165	38.49711211
2109.692641	38.83890799
2109.307257	39.22370943
2108.922014	39.63821524
2108.536912	40.28133546
2108.151951	40.95508747
2107.76713	41.64346532
2107.382449	42.34683212
2106.997909	43.07929234
2106.613509	43.95415526
2106.229249	44.89427986
2105.84513	45.85593835
2105.461151	46.86150803
2105.077311	47.9073678
2104.693612	48.9946644
2104.310052	50.10841124
2103.926632	51.20558956
2103.543352	52.29897181
2103.160212	53.43185479
2102.777211	54.59574312
2102.394349	55.78612914
2102.011627	56.99603992
2101.629044	58.1910452
2101.246601	59.41036025
2100.864296	60.63163176
2100.482131	61.81185122
2100.100105	62.97844468
2099.718218	64.1682337
2099.336469	65.34087105
2098.954859	66.31993371
2098.573388	67.3140785
2098.192056	68.32354371
2097.810862	69.34857148
2097.429807	70.28241031
2097.04889	71.09837811
2096.668111	71.8850993
2096.287471	72.68228617
2095.906969	73.39827563
2095.526605	74.03756983
2095.146379	74.68403933
2094.766291	75.33766226
2094.386341	75.69437407
2094.006529	75.94852414
2093.626854	76.12906122
2093.247317	76.31059527
2092.867918	76.49313172
2092.488656	76.63905955
2092.109531	76.71644109
2091.730544	76.7922001
2091.351694	76.8517559
2090.972982	76.82873856
2090.594406	76.80587125
2090.215968	76.78315387
2089.837667	76.74115353
2089.459502	76.64621816
2089.081474	76.55145332
2088.703583	76.45685873
2088.325829	76.36184422
2087.948212	76.26412891
2087.570731	76.15986181
2087.193386	76.0551638
2086.816178	75.95066037
2086.439106	75.84946624
2086.06217	75.75189604
2085.685371	75.65450299
2085.308707	75.56131489
2084.93218	75.51823099
2084.555789	75.49534314
2084.179533	75.47291857
2083.803413	75.45059692
2083.427429	75.42837806
2083.051581	75.42366058
2082.675868	75.43569301
2082.300291	75.44801111
2081.924849	75.46998747
2081.549543	75.50303905
2081.174372	75.5361359
2080.799336	75.56927805
2080.424435	75.59305091
2080.049669	75.61759412
2079.675038	75.64272638
2079.300542	75.66557725
2078.926181	75.64435305
2078.551955	75.61976883
2078.177864	75.58370443
2077.803907	75.53963816
2077.430085	75.47783365
2077.056397	75.38717008
2076.682843	75.28286304
2076.309424	75.17904394
2075.936139	74.9948299
2075.562989	74.63462113
2075.189972	74.22564893
2074.81709	73.81971469
2074.444341	73.41679223
2074.071727	73.01078037
2073.699246	72.56837122
2073.326899	72.08479072
2072.954686	71.57446184
2072.582606	71.04485818
2072.21066	70.46250417
2071.838848	69.88539531
2071.467168	69.31348054
2071.095623	68.62766984
2070.72421	67.90174871
2070.35293	67.17443816
2069.981784	66.44356478
2069.610771	65.71548793
2069.239891	64.97060124
2068.869143	64.2155419
2068.498529	63.44885125
2068.128047	62.68087012
2067.757698	61.91484603
2067.387481	61.15172033
2067.017397	60.39856165
2066.647446	59.71825626
2066.277627	59.08465713
2065.90794	58.46242495
2065.538385	57.8480656
2065.168963	57.24147309
2064.799673	56.6542032
2064.430515	56.09402449
2064.061489	55.59748903
2063.692594	55.13566839
2063.323832	54.67909412
2062.955201	54.29608852
2062.586702	53.91851824
2062.218335	53.57443056
2061.850099	53.38962151
2061.481995	53.25147616
2061.114022	53.17038436
2060.746181	53.16800247
2060.37847	53.16845537
2060.010891	53.24443849
2059.643443	53.38255291
2059.276126	53.6161941
2058.908941	53.85230011
2058.541886	54.12864126
2058.174962	54.45772547
2057.808168	54.79909909
2057.441506	55.43589139
2057.074974	56.1403965
2056.708572	56.91471323
2056.342301	57.70065708
2055.976161	58.49841541
2055.610151	59.3355086
2055.244271	60.20749573
2054.878521	61.15483437
2054.512902	62.11753167
2054.147413	63.09584413
2053.782053	64.09722623
2053.416824	65.11591433
2053.051724	66.1384398
2052.686755	67.15848642
2052.321915	68.19115105
2051.957204	69.20124043
2051.592624	70.22354945
2051.228172	71.25410318
2050.863851	72.27973232
2050.499658	73.26861844
2050.135595	74.25643548
2049.771662	75.25858769
2049.407857	76.25266053
2049.044182	77.21673968
2048.680635	78.1174383
2048.317218	78.75779335
2047.953929	79.40427883
2047.59077	80.00012081
2047.227739	80.59859122
2046.864837	81.20225
2046.502063	81.7583554
2046.139418	82.25367387
2045.776902	82.69217275
2045.414514	83.13340043
2045.052254	83.57737546
2044.690123	83.96973479
2044.32812	84.35035083
2043.966245	84.64355682
2043.604498	84.89167702
2043.242879	85.09258199
2042.881388	85.23862638
2042.520025	85.38525971
2042.15879	85.51415873
2041.797682	85.59384545
2041.436702	85.64600471
2041.07585	85.68712922
2040.715126	85.72846005
2040.354528	85.76541653
2039.994059	85.78706453
2039.633716	85.76283158
2039.273501	85.71964208
2038.913413	85.67653002
2038.553453	85.62905283
2038.193619	85.58073381
2037.833912	85.53317594
2037.474333	85.48260346
2037.11488	85.42960532
2036.755554	85.38579493
2036.396354	85.34205353
2036.037282	85.29838102
2035.678336	85.27032077
2035.319516	85.24886542
2034.960823	85.27580553
2034.602257	85.30854104
2034.243817	85.35109336
2033.885503	85.40778305
2033.527315	85.46456035
2033.169253	85.53580337
2032.811318	85.61290246
2032.453508	85.69982681
2032.095824	85.79243605
2031.738267	85.88518252
2031.380835	85.9797484
2031.023529	86.08432997
2030.666348	86.18798868
2030.309293	86.29679702
2029.952364	86.40583167
2029.59556	86.51535754
2029.238881	86.62522578
2028.882328	86.73213077
2028.5259	86.83462725
2028.169598	86.93568148
2027.81342	87.0275582
2027.457368	87.11962198
2027.10144	87.2118732
2026.745638	87.28815226
2026.38996	87.34337244
2026.034407	87.34046448
2025.678979	87.31359978
2025.323676	87.27616791
2024.968497	87.21511382
2024.613443	87.1494164
2024.258513	87.04992765
2023.903708	86.95064191
2023.549027	86.83315556
2023.194471	86.70659929
2022.840038	86.58029744
2022.48573	86.44309975
2022.131546	86.24419464
2021.777486	85.95268429
2021.423549	85.64528849
2021.069737	85.33922103
2020.716049	85.02073965
2020.362484	84.69093176
2020.009043	84.339134
2019.655726	83.98351451
2019.302532	83.62734309
2018.949462	83.26279973
2018.596515	82.89993416
2018.243692	82.53873826
2017.890992	82.1774324
2017.538415	81.81562878
2017.185961	81.45780282
2016.833631	81.10635544
2016.481423	80.75658265
2016.129339	80.41560509
2015.777377	80.07772577
2015.425539	79.74799195
2015.073823	79.41975962
2014.72223	79.1046074
2014.370759	78.79602882
2014.019411	78.48883188
2013.668186	78.20141585
2013.317083	77.97563031
2012.966103	77.85642998
2012.615245	77.73760969
2012.264509	77.61916847
2011.913895	77.51403755
2011.563404	77.44112341
2011.213035	77.39191932
2010.862787	77.34475846
2010.512662	77.30303303
2010.162659	77.28196576
2009.812777	77.26101875
2009.463017	77.24019199
2009.113379	77.23256799
2008.763863	77.28918642
2008.414468	77.40174897
2008.065195	77.51470753
2007.716043	77.62806326
2007.367012	77.77753585
2007.018103	77.94316742
2006.669315	78.11614006
2006.320649	78.28961096
2005.972103	78.4696117
2005.623679	78.65249797
2005.275376	78.84737829
2004.927193	79.05356432
2004.579132	79.25540334
2004.231191	79.45414156
2003.883371	79.6534144
2003.535672	79.8532234
2003.188093	80.06074249
2002.840635	80.26888371
2002.493297	80.47519183
2002.14608	80.6820691
2001.798984	80.88708474
2001.452007	81.08463193
2001.105151	81.28271557
2000.758415	81.48133724
2000.411799	81.67396331
2000.065304	81.79985555
1999.718928	81.91553463
1999.372672	82.03144196
1999.026537	82.14399467
1998.680521	82.24335856
1998.334624	82.33057435
1997.988848	82.41577905
1997.643191	82.5011165
1997.297654	82.57892938
1996.952236	82.65170282
1996.606937	82.70775196
1996.261758	82.76388314
1995.916699	82.7874914
1995.571758	82.79670285
1995.226937	82.80598947
1994.882235	82.80819467
1994.537652	82.80027612
1994.193189	82.78767649
1993.848844	82.77226682
1993.504618	82.75687918
1993.16051	82.7421213
1992.816522	82.72911263
1992.472652	82.71612634
1992.128901	82.7031624
1991.785269	82.6969119
1991.441755	82.7183152
1991.098359	82.73973192
1990.755082	82.75862311
1990.411923	82.77175942
1990.068883	82.7901005
1989.725961	82.81588411
1989.383157	82.84169074
1989.040471	82.86752042
1988.697903	82.90020302
1988.355453	82.94523901
1988.013121	82.99380206
1987.670907	83.04709118
1987.32881	83.14768349
1986.986832	83.25939814
1986.644971	83.37298114
1986.303227	83.49412044
1985.961602	83.61579773
1985.620093	83.74881523
1985.278703	83.88442379
1984.937429	84.02027734
1984.596273	84.15731046
1984.255234	84.29690669
1983.914312	84.43675884
1983.573508	84.57686742
1983.23282	84.72509401
1982.89225	84.87983835
1982.551796	85.03588621
1982.211459	85.20711964
1981.871239	85.37871538
1981.531136	85.5506363
1981.19115	85.72375678
1980.85128	85.89724453
1980.511527	86.07110036
1980.17189	86.24121315
1979.83237	86.4094145
1979.492967	86.5779683
1979.153679	86.7400192
1978.814508	86.87645206
1978.475453	87.0107571
1978.136514	87.14954586
1977.797692	87.28884663
1977.458985	87.42839335
1977.120395	87.56004484
1976.78192	87.6913146
1976.443561	87.82280839
1976.105318	87.95308772
1975.767191	88.08046284
1975.42918	88.20805488
1975.091284	88.32869079
1974.753503	88.43193951
1974.415839	88.52544856
1974.078289	88.60861901
1973.740855	88.68957245
1973.403537	88.77061331
1973.066334	88.84661643
1972.729245	88.9175216
1972.392273	88.98849754
1972.055415	89.05954433
1971.718672	89.11653142
1971.382044	89.17288139
1971.045531	89.2292855
1970.709133	89.27058774
1970.37285	89.30097463
1970.036681	89.31499716
1969.700628	89.32295147
1969.364689	89.33092542
1969.028864	89.3375082
1968.693154	89.33372199
1968.357558	89.3287509
1968.022077	89.32379587
1967.68671	89.31673622
1967.351458	89.30562905
1967.016319	89.29305543
1966.681295	89.26943681
1966.346385	89.22679918
1966.011589	89.16083761
1965.676907	89.08769653
1965.342339	89.014656
1965.007884	88.94171585
1964.673544	88.85890376
1964.339317	88.76537825
1964.005204	88.67198585
1963.671205	88.5687409
1963.337319	88.44803795
1963.003547	88.32571013
1962.669888	88.20106645
1962.336343	88.02716415
1962.00291	87.82129303
1961.669592	87.59976908
1961.336386	87.37888952
1961.003294	87.15865226
1960.670315	86.93440522
1960.337448	86.69653151
1960.004695	86.45499946
1959.672055	86.21419784
1959.339528	85.96990194
1959.007113	85.71919406
1958.674812	85.45733494
1958.342623	85.18647565
1958.010546	84.88569997
1957.678582	84.57473176
1957.346731	84.26365456
1957.014992	83.95381607
1956.683366	83.64480501
1956.351852	83.33202985
1956.020451	83.01838435
1955.689161	82.70479582
1955.357984	82.38801608
1955.026919	82.07446629
1954.695966	81.76243175
1954.365125	81.46105244
1954.034396	81.19011787
1953.70378	80.93306958
1953.373274	80.68477307
1953.042881	80.43730807
1952.712599	80.19067164
1952.38243	79.9512482
1952.052371	79.7227931
1951.722425	79.5016312
1951.392589	79.28117416
1951.062866	79.06874934
1950.733253	78.88192926
1950.403753	78.7204125
1950.074363	78.58857934
1949.745085	78.51547408
1949.415917	78.46590857
1949.086861	78.42291897
1948.757916	78.38007049
1948.429082	78.34486114
1948.100359	78.32476442
1947.771747	78.32676974
1947.443246	78.36472128
1947.114855	78.410056
1946.786575	78.47580793
1946.458406	78.54367463
1946.130348	78.64042908
1945.8024	78.84411167
1945.474562	79.05527984
1945.146835	79.28642242
1944.819219	79.51838234
1944.491712	79.75116279
1944.164316	80.00484801
1943.837031	80.26671937
1943.509855	80.53907124
1943.18279	80.81242208
1942.855834	81.09110344
1942.528989	81.39026839
1942.202254	81.69084753
1941.875628	82.01418471
1941.549112	82.34644053
1941.222707	82.68229279
1940.89641	83.02055919
1940.570224	83.36027929
1940.244147	83.70330499
1939.91818	84.04910584
1939.592322	84.39568152
1939.266574	84.74267617
1938.940935	85.0911715
1938.615405	85.43515936
1938.289985	85.78023432
1937.964674	86.08739737
1937.639472	86.36451223
1937.314379	86.64027998
1936.989395	86.90355747
1936.664521	87.16767066
1936.339755	87.42944475
1936.015098	87.68047665
1935.69055	87.92891454
1935.366111	88.16923757
1935.04178	88.41025597
1934.717559	88.63011473
1934.393445	88.83253548
1934.069441	89.02422092
1933.745545	89.16584526
1933.421757	89.30334134
1933.098078	89.43005863
1932.774507	89.54963325
1932.451045	89.66941049
1932.127691	89.7747944
1931.804445	89.8764076
1931.481307	89.94927474
1931.158277	90.01821364
1930.835355	90.08722788
1930.512541	90.14639064
1930.189835	90.19581683
1929.867237	90.2141716
1929.544747	90.22304778
1929.222365	90.2314839
1928.90009	90.23205143
1928.577923	90.23262765
1928.255863	90.23049955
1927.933911	90.22533542
1927.612067	90.21926816
1927.29033	90.20785209
1926.9687	90.19624642
1926.647178	90.18328913
1926.325763	90.16882818
1926.004455	90.15431998
1925.683254	90.1470648
1925.362161	90.13981475
1925.041175	90.13392678
1924.720295	90.12935666
1924.399523	90.12532021
1924.078857	90.12612542
1923.758298	90.12790301
1923.437846	90.131589
1923.117501	90.13631826
1922.797263	90.1410505
1922.477131	90.15011073
1922.157105	90.16371427
1921.837187	90.18971652
1921.517374	90.21830357
1921.197669	90.24690514
1920.878069	90.28062725
1920.558576	90.31456733
1920.239189	90.3520484
1919.919908	90.39087896
1919.600734	90.42980053
1919.281665	90.47296931
1918.962703	90.51359073
1918.643846	90.55459312
1918.325096	90.59610567
1918.006451	90.63557692
1917.687913	90.67206309
1917.36948	90.70856761
1917.051152	90.74492224
1916.732931	90.78105892
1916.414815	90.81605482
1916.096805	90.84772778
1915.7789	90.87646389
1915.461101	90.90452011
1915.143407	90.93174654
1914.825818	90.9589086
1914.508335	90.9797659
1914.190957	90.99200227
1913.873684	90.98420952
1913.556517	90.97643196
1913.239454	90.96866957
1912.922497	90.95485601
1912.605644	90.94015117
1912.288897	90.91813029
1911.972254	90.89598396
1911.655716	90.87385212
1911.339283	90.84298272
1911.022955	90.80867972
1910.706732	90.76968053
1910.390613	90.72777863
1910.074598	90.67775774
1909.758689	90.6235312
1909.442883	90.56934775
1909.127183	90.51284967
1908.811586	90.4514866
1908.496094	90.38794282
1908.180706	90.3183656
1907.865422	90.24838271
1907.550243	90.17664966
1907.235167	90.10117083
1906.920196	90.02499283
1906.605329	89.94610489
1906.290565	89.86843302
1905.975906	89.79223052
1905.66135	89.71609685
1905.346899	89.64003193
1905.032551	89.56336935
1904.718306	89.48710264
1904.404166	89.41256986
1904.090129	89.33810417
1903.776195	89.26372
1903.462365	89.19115183
1903.148639	89.1179413
1902.835016	89.04557028
1902.521496	88.97441119
1902.208079	88.91312202
1901.894766	88.85288135
1901.581556	88.79268486
1901.268449	88.73393533
1900.955445	88.67986115
1900.642545	88.63098952
1900.329747	88.58428069
1900.017052	88.5375995
1899.70446	88.49231436
1899.391971	88.45245998
1899.079585	88.41269699
1898.767301	88.38011716
1898.45512	88.35978299
1898.143042	88.34392476
1897.831066	88.32807937
1897.519193	88.3122468
1897.207422	88.30113428
1896.895754	88.29329517
1896.584188	88.28661585
1896.272725	88.27994783
1895.961364	88.27909379
1895.650105	88.28538375
1895.338948	88.2964611
1895.027893	88.30908815
1894.71694	88.32347971
1894.40609	88.34157291
1894.095341	88.35967509
1893.784695	88.37778625
1893.47415	88.39617878
1893.163707	88.41717193
1892.853366	88.4439278
1892.543126	88.47069491
1892.232989	88.49747327
1891.922952	88.5265346
1891.613018	88.56056452
1891.303185	88.59450855
1890.993453	88.62695616
1890.683823	88.6602739
1890.374294	88.69399983
1890.064867	88.7277415
1889.755541	88.76149892
1889.446316	88.79392761
1889.137192	88.82593335
1888.82817	88.85811649
1888.519248	88.88916037
1888.210428	88.91831835
1887.901708	88.94898631
1887.59309	88.97821126
1887.284572	89.0063342
1886.976155	89.03422299
1886.667839	89.06277096
1886.359624	89.09133906
1886.051509	89.11992729
1885.743496	89.14844909
1885.435582	89.17185871
1885.127769	89.19403865
1884.820057	89.216237
1884.512445	89.23828551
1884.204934	89.25352905
1883.897522	89.26907988
1883.590211	89.28459472
1883.283001	89.29696247
1882.97589	89.30628709
1882.66888	89.31561607
1882.36197	89.32494943
1882.05516	89.33428716
1881.74845	89.34356789
1881.441839	89.35046604
1881.135329	89.35736823
1880.828919	89.36169549
1880.522608	89.3555015
1880.216397	89.34853746
1879.910286	89.34216556
1879.604274	89.3352948
1879.298362	89.32152245
1878.99255	89.30429573
1878.686837	89.28707764
1878.381224	89.2698682
1878.07571	89.25175681
1877.770295	89.22721816
1877.46498	89.20113403
1877.159764	89.17506243
1876.854647	89.14414367
1876.549629	89.11188794
1876.244711	89.0764214
1875.939891	89.03858088
1875.635171	88.98163326
1875.33055	88.9131595
1875.026027	88.8447584
1874.721604	88.77642988
1874.417279	88.70817384
1874.113053	88.63591942
1873.808926	88.55643184
1873.504897	88.47279061
1873.200967	88.38686388
1872.897136	88.30148368
1872.593403	88.21431785
1872.289769	88.12129277
1871.986233	88.0249151
1871.682795	87.91540519
1871.379456	87.80485958
1871.076216	87.6944676
1870.773073	87.58422902
1870.470029	87.46632861
1870.167083	87.340684
1869.864235	87.21405272
1869.561485	87.08936904
1869.258833	86.96637882
1868.956279	86.84357057
1868.653823	86.71884951
1868.351465	86.59451858
1868.049204	86.47310839
1867.747042	86.35270254
1867.444977	86.23247213
1867.14301	86.11241689
1866.84114	85.99253657
1866.539369	85.87443883
1866.237694	85.76006998
1865.936117	85.65071356
1865.634638	85.54253635
1865.333256	85.43450817
1865.031971	85.32741258
1864.730784	85.22677484
1864.429694	85.13376152
1864.128701	85.05847171
1863.827806	84.98325692
1863.527007	84.90811706
1863.226306	84.84020937
1862.925701	84.77791381
1862.625194	84.73101417
1862.324783	84.68811926
1862.02447	84.64777034
1861.724253	84.60744991
1861.424133	84.56715796
1861.124109	84.53327725
1860.824183	84.51902832
1860.524353	84.53828919
1860.22462	84.56281184
1859.924983	84.58736992
1859.625443	84.61196344
1859.325999	84.63659243
1859.026652	84.67054494
1858.727401	84.72985137
1858.428246	84.79868021
1858.129188	84.86757813
1857.830226	84.93654521
1857.53136	85.00558151
1857.23259	85.0801781
1856.933916	85.16307573
1856.635338	85.2544911
1856.336857	85.34602162
1856.038471	85.43946485
1855.740181	85.53935608
1855.441987	85.64111489
1855.143889	85.7461035
1854.845887	85.85741855
1854.54798	85.9688799
1854.250169	86.08048773
1853.952454	86.19224224
1853.654834	86.30257982
1853.35731	86.4025427
1853.059881	86.49274699
1852.762548	86.58305375
1852.46531	86.67346311
1852.168168	86.76397519
1851.871121	86.85451072
1851.574169	86.93555044
1851.277312	87.001388
1850.980551	87.06720456
1850.683884	87.13308257
1850.387313	87.1990221
1850.090837	87.26502321
1849.794455	87.32598663
1849.498169	87.37197965
1849.201978	87.41145097
1848.905881	87.4509533
1848.609879	87.48248498
1848.313972	87.51248406
1848.01816	87.53801756
1847.722442	87.55228948
1847.426819	87.56288111
1847.131291	87.57347722
1846.835857	87.5840778
1846.540518	87.59468286
1846.245273	87.60519631
1845.950122	87.61360689
1845.655066	87.61712041
1845.360104	87.62063743
1845.065236	87.62415795
1844.770463	87.62768198
1844.475784	87.63111434
1844.181199	87.63710466
1843.886708	87.64591477
1843.592311	87.65473115
1843.298008	87.66355378
1843.003798	87.67238269
1842.709683	87.68121786
1842.415662	87.69339839
1842.121735	87.71860373
1841.827901	87.74563134
1841.534161	87.77645163
1841.240515	87.81184724
1840.946962	87.84726473
1840.653503	87.89044501
1840.360137	87.93981415
1840.066865	87.99310008
1839.773687	88.04642243
1839.480601	88.09978122
1839.18761	88.15317647
1838.894711	88.20962195
1838.601906	88.27967063
1838.309194	88.35818079
1838.016575	88.43676514
1837.724049	88.51542376
1837.431617	88.59415672
1837.139277	88.6777849
1836.847031	88.76660699
1836.554877	88.85649987
1836.262817	88.94653686
1835.970849	89.03666716
1835.678974	89.12689086
1835.387192	89.21720806
1835.095503	89.30649415
1834.803906	89.39388281
1834.512402	89.48073188
1834.22099	89.56369249
1833.929672	89.64673586
1833.638445	89.72895747
1833.347311	89.80793703
1833.05627	89.88426404
1832.765321	89.95664448
1832.474464	90.02908865
1832.1837	90.10159663
1831.893028	90.17416846
1831.602448	90.23930521
1831.31196	90.28537445
1831.021565	90.32531999
1830.731261	90.36529052
1830.44105	90.40528606
1830.15093	90.44230167
1829.860903	90.46415983
1829.570967	90.48438246
1829.281123	90.49933597
1828.991371	90.51342733
1828.701711	90.52752552
1828.412143	90.54163053
1828.122666	90.55574238
1827.833281	90.56344676
1827.543987	90.55997434
1827.254785	90.55372272
1826.965675	90.54638242
1826.676656	90.53880858
1826.387728	90.52717574
1826.098892	90.51368555
1825.810148	90.50038095
1825.521494	90.48747949
1825.232932	90.47458177
1824.944461	90.4616878
1824.656081	90.44879757
1824.367792	90.43872284
1824.079595	90.4290253
1823.791488	90.42015179
1823.503472	90.41128262
1823.215548	90.40241779
1822.927714	90.39806376
1822.639971	90.39802788
1822.352319	90.39799616
1822.064758	90.40117131
1821.777287	90.40532595
1821.489907	90.40948524
1821.202618	90.41364921
1820.91542	90.41781783
1820.628312	90.42857742
1820.341294	90.44520779
1820.054367	90.46323822
1819.767531	90.48127266
1819.480784	90.50023796
1819.194129	90.52225007
1818.907563	90.5456803
1818.621088	90.56936908
1818.334703	90.59395297
1818.048408	90.618545
1817.762203	90.64314517
1817.476089	90.66773625
1817.190064	90.69407721
1816.90413	90.72473779
1816.618285	90.75519045
1816.33253	90.78565549
1816.046866	90.81343449
1815.761291	90.83886956
1815.475806	90.86289119
1815.19041	90.88692211
1814.905105	90.90908379
1814.619889	90.93034771
1814.334762	90.95161946
1814.049726	90.97289904
1813.764778	90.99418644
1813.479921	91.01173163
1813.195152	91.02558379
1812.910474	91.03911093
1812.625884	91.05222551
1812.341384	91.06505842
1812.056973	91.07330619
1811.772652	91.08118322
1811.488419	91.08880508
1811.204276	91.09468442
1810.920222	91.10056636
1810.636257	91.10645089
1810.352381	91.11148365
1810.068594	91.11169841
1809.784896	91.10816854
1809.501287	91.1043058
1809.217767	91.10210215
1808.934336	91.1026378
1808.650993	91.1028584
1808.367739	91.10282413
1808.084574	91.10279187
1807.801498	91.10348053
1807.51851	91.10468596
1807.235611	91.10589329
1806.9528	91.10710253
1806.670078	91.10814469
1806.387444	91.1086866
1806.104899	91.10981264
1805.822442	91.11189319
1805.540073	91.11565746
1805.257793	91.12013929
1804.975601	91.12787801
1804.693497	91.13562096
1804.411481	91.14342051
1804.129554	91.15259772
1803.847714	91.16177946
1803.565963	91.17096575
1803.284299	91.18084308
1803.002724	91.19511445
1802.721236	91.20997576
1802.439837	91.22345791
1802.158525	91.23223017
1801.877301	91.24043301
1801.596164	91.24987425
1801.315116	91.25961294
1801.034155	91.26935406
1800.753282	91.27834712
1800.472496	91.2865636
1800.191798	91.29478219
1799.911187	91.3030029
1799.630664	91.31200165
1799.350228	91.32060158
1799.06988	91.32638263
1798.789619	91.32606481
1798.509445	91.32575315
1798.229359	91.32369854
1797.94936	91.3193765
1797.669448	91.31505948
1797.389623	91.31074747
1797.109885	91.30394356
1796.830234	91.29699934
1796.550671	91.28981215
1796.271194	91.279514
1795.991804	91.26451808
1795.712501	91.24896677
1795.433285	91.23199489
1795.154156	91.21500575
1794.875114	91.19776781
1794.596158	91.17670927
1794.317289	91.15565929
1794.038507	91.13461786
1793.759811	91.11358634
1793.481202	91.0925654
1793.202679	91.07155299
1792.924243	91.05054913
1792.645893	91.02508068
1792.36763	90.99723806
1792.089453	90.97515932
1791.811363	90.95402891
1791.533358	90.93290585
1791.25544	90.91271031
1790.977609	90.89293455
1790.699863	90.87316494
1790.422204	90.85340148
1790.14463	90.8354388
1789.867143	90.8177914
1789.589742	90.80014846
1789.312426	90.7819742
1789.035197	90.76243799
1788.758053	90.74587051
1788.480996	90.72764862
1788.204024	90.70943775
1787.927138	90.69238818
1787.650337	90.67782131
1787.373623	90.66326418
1787.096994	90.64871677
1786.82045	90.63410544
1786.543992	90.61933748
1786.26762	90.60457926
1785.991333	90.58869123
1785.715132	90.57283905
1785.439016	90.55330011
1785.162986	90.52876319
1784.88704	90.50351202
1784.61118	90.47827019
1784.335406	90.45190817
1784.059716	90.42548989
1783.784112	90.39908104
1783.508593	90.37268161
1783.233159	90.34303427
1782.95781	90.31237477
1782.682546	90.27823954
1782.407367	90.24124227
1782.132273	90.19806965
1781.857264	90.14616107
1781.58234	90.09057704
1781.3075	90.03503592
1781.032746	89.97615212
1780.758076	89.91478798
1780.48349	89.85347179
1780.20899	89.79220349
1779.934574	89.73008271
1779.660243	89.66472376
1779.385996	89.59941905
1779.111834	89.53139899
1778.837756	89.45691552
1778.563763	89.38073196
1778.289854	89.30330519
1778.016029	89.22589217
1777.742289	89.14798349
1777.468633	89.06787424
1777.195061	88.9878443
1776.921573	88.90789359
1776.64817	88.82802201
1776.374851	88.74877092
1776.101615	88.66986552
1775.828464	88.5945457
1775.555397	88.51983078
1775.282414	88.45186192
1775.009515	88.38625558
1774.736699	88.32264015
1774.463968	88.25908452
1774.19132	88.19944033
1773.918756	88.14064352
1773.646276	88.08188941
1773.373879	88.02317797
1773.101566	87.96516168
1772.829337	87.91184104
1772.557191	87.86061445
1772.285129	87.81568939
1772.013151	87.78510694
1771.741256	87.75474456
1771.469444	87.72856041
1771.197715	87.70368038
1770.92607	87.68193698
1770.654509	87.66394307
1770.38303	87.64596235
1770.111635	87.62799484
1769.840323	87.61004054
1769.569094	87.59488475
1769.297949	87.58302688
1769.026886	87.57787643
1768.755906	87.58866725
1768.48501	87.6050082
1768.214196	87.62373272
1767.943465	87.64607443
1767.672818	87.66892955
1767.402253	87.69310657
1767.131771	87.71729599
1766.861371	87.74149782
1766.591055	87.76571207
1766.320821	87.78996932
1766.050669	87.81631293
1765.780601	87.84640693
1765.510615	87.87565893
1765.240711	87.90668126
1764.97089	87.93773293
1764.701152	87.96951373
1764.431496	88.00267467
1764.161922	88.0331719
1763.892431	88.06259177
1763.623022	88.09202785
1763.353695	88.12148016
1763.08445	88.15094869
1762.815288	88.17947492
1762.546208	88.20458847
1762.27721	88.2210351
1762.008294	88.22811606
1761.739461	88.23292932
1761.470709	88.23627758
1761.202039	88.23782962
1760.933451	88.23808729
1760.664945	88.23638765
1760.396521	88.23469462
1760.128179	88.2330082
1759.859918	88.23132838
1759.59174	88.22965518
1759.323643	88.21981908
1759.055627	88.20938455
1758.787694	88.18480006
1758.519842	88.15872129
1758.252071	88.13225964
1757.984382	88.10198582
1757.716775	88.06799203
1757.449249	88.03402086
1757.181804	88.00006482
1756.914441	87.96612361
1756.647159	87.93219723
1756.379959	87.89828568
1756.11284	87.86302846
1755.845802	87.8213353
1755.578845	87.77257972
1755.311969	87.71488897
1755.045175	87.65724395
1754.778462	87.59806122
1754.511829	87.53516211
1754.245278	87.47005522
1753.978807	87.40472017
1753.712418	87.33944053
1753.44611	87.27421623
1753.179882	87.20904723
1752.913735	87.14237555
1752.647669	87.06979388
1752.381684	86.99517625
1752.115779	86.92289459
1751.849955	86.85067507
1751.584212	86.77846842
1751.31855	86.70599127
1751.052968	86.6320372
1750.787466	86.55564148
1750.522045	86.47931392
1750.256705	86.40305448
1749.991444	86.32686308
1749.726265	86.25073966
1749.461165	86.17349584
1749.196146	86.0955214
1748.931208	86.02491124
1748.666349	85.95652913
1748.401571	85.88820465
1748.136873	85.82092901
1747.872255	85.75572709
1747.607717	85.69083675
1747.343259	85.62574932
1747.078881	85.56071483
1746.814583	85.49573323
1746.550366	85.43106152
1746.286228	85.36973939
1746.02217	85.31242084
1745.758191	85.25709336
1745.494293	85.20343705
1745.230474	85.14981771
1744.966735	85.09650089
1744.703076	85.04452464
1744.439497	84.99715246
1744.175997	84.95190802
1743.912576	84.90669014
1743.649236	84.86149881
1743.385974	84.81633401
1743.122793	84.77141339
1742.85969	84.73379934
1742.596667	84.70395398
1742.333724	84.67384832
1742.07086	84.6437555
1741.808075	84.61367552
1741.545369	84.58359587
1741.282743	84.55404741
1741.020196	84.52886049
1740.757728	84.50368327
1740.495339	84.47851576
1740.233029	84.45335795
1739.970798	84.42794084
1739.708647	84.4055111
1739.446574	84.38391656
1739.18458	84.36297033
1738.922665	84.34222098
1738.660829	84.32148074
1738.399072	84.30046706
1738.137394	84.27830929
1737.875794	84.25443683
1737.614273	84.23006472
1737.352831	84.20570471
1737.091467	84.18135678
1736.830182	84.15702093
1736.568976	84.13212584
1736.307848	84.10408353
1736.046799	84.0709418
1735.785829	84.04036161
1735.524936	84.00979708
1735.264122	83.97924821
1735.003387	83.94767397
1734.74273	83.91349039
1734.482151	83.87505649
1734.22165	83.83664604
1733.961228	83.79825902
1733.700884	83.75965902
1733.440618	83.71861838
1733.18043	83.6766748
1732.92032	83.63248777
1732.660289	83.58648196
1732.400335	83.54049116
1732.140459	83.49453043
1731.880662	83.44831147
1731.620942	83.40112645
1731.3613	83.34904526
1731.101736	83.29679567
1730.84225	83.24458871
1730.582841	83.19242433
1730.32351	83.13818469
1730.064257	83.08229156
1729.805082	83.01888177
1729.545984	82.94461203
1729.286964	82.86587135
1729.028022	82.78721147
1728.769157	82.70863232
1728.510369	82.6281108
1728.251659	82.5461748
1727.993027	82.46074961
1727.734472	82.37541913
1727.475994	82.29018326
1727.217593	82.19425879
1726.95927	82.09440712
1726.701024	81.99468251
1726.442856	81.89148555
1726.184764	81.77449872
1725.92675	81.65768262
1725.668812	81.541037
1725.410952	81.42333218
1725.153169	81.30199102
1724.895463	81.17654007
1724.637834	81.04782932
1724.380282	80.91932696
1724.122806	80.78921839
1723.865408	80.65532668
1723.608087	80.52047222
1723.350842	80.3803254
1723.093674	80.2299941
1722.836583	80.07794345
1722.579568	79.92618655
1722.32263	79.77472283
1722.065769	79.62033233
1721.808985	79.46203367
1721.552277	79.2985187
1721.295645	79.13512504
1721.03909	78.97045724
1720.782612	78.80559658
1720.52621	78.64108719
1720.269884	78.47692832
1720.013635	78.31512191
1719.757462	78.15649258
1719.501365	77.99819386
1719.245344	77.84022504
1718.9894	77.68264671
1718.733532	77.52401254
1718.47774	77.36498119
1718.222025	77.20757144
1717.966385	77.05111099
1717.710821	76.90337957
1717.455334	76.75594966
1717.199922	76.60762685
1716.944587	76.46133643
1716.689327	76.33273615
1716.434143	76.20515864
1716.179035	76.07782842
1715.924003	75.95074497
1715.669047	75.82646778
1715.414166	75.70418997
1715.159361	75.58656905
1714.904632	75.4699762
1714.649979	75.35712711
1714.395401	75.24470602
1714.140898	75.13248607
1713.886472	75.02046685
1713.63212	74.90807236
1713.377845	74.7981783
1713.123644	74.68847613
1712.869519	74.57896551
1712.61547	74.46874693
1712.361496	74.35606921
1712.107597	74.24217638
1711.853773	74.12510707
1711.600025	73.99357255
1711.346352	73.85920601
1711.092754	73.71349377
1710.839231	73.52665187
1710.585783	73.31133548
1710.332411	73.05676921
1710.079113	72.8000972
1709.825891	72.54451155
1709.572743	72.29000678
1709.319671	72.01668961
1709.066673	71.73174018
1708.81375	71.431285
1708.560902	71.06356435
1708.308129	70.67616254
1708.055431	70.29109051
1707.802807	69.90833308
1707.550258	69.52787514
1707.297784	69.065087
1707.045384	68.5668714
1706.793059	68.07248293
1706.540809	67.58189063
1706.288633	67.08552241
1706.036532	66.54158341
1705.784505	65.99709154
1705.532553	65.39232843
1705.280675	64.77074314
1705.028871	64.150635
1704.777142	63.48195956
1704.525487	62.73842163
1704.273907	61.94017514
1704.0224	61.07219702
1703.770968	60.20036595
1703.51961	59.34215478
1703.268326	58.49733591
1703.017117	57.62447759
1702.765981	56.74960315
1702.51492	55.83252983
1702.263932	54.86589828
1702.013019	53.91650673
1701.762179	52.98403789
1701.511414	52.06818048
1701.260722	51.15760455
1701.010104	50.20121531
1700.75956	49.23651014
1700.50909	48.29125586
1700.258693	47.36504357
1700.008371	46.45580516
1699.758121	45.55948101
1699.507946	44.68145614
1699.257844	43.82156808
1699.007816	42.97900691
1698.757862	42.17298368
1698.507981	41.40069993
1698.258173	40.69159675
1698.008439	40.0157507
1697.758778	39.37021282
1697.509191	38.74555667
1697.259677	38.13184088
1697.010237	37.52886132
1696.760869	36.99413522
1696.511576	36.48715541
1696.262355	36.1002913
1696.013207	35.74150956
1695.764133	35.38776364
1695.515132	35.03896705
1695.266204	34.69503492
1695.017349	34.40817394
1694.768567	34.20230072
1694.519858	34.06302626
1694.271222	33.92495622
1694.022659	33.78808202
1693.774169	33.69844859
1693.525752	33.67039644
1693.277408	33.70097649
1693.029136	33.78076008
1692.780938	33.89606608
1692.532812	34.07008274
1692.284759	34.28497368
1692.036778	34.55712671
1691.78887	34.95687433
1691.541035	35.38822214
1691.293273	35.85500391
1691.045583	36.33026162
1690.797965	36.81939864
1690.55042	37.37410614
1690.302948	38.01363861
1690.055548	38.70047836
1689.80822	39.42057531
1689.560965	40.15463391
1689.313782	40.90293507
1689.066671	41.66576553
1688.819633	42.45394893
1688.572667	43.26344447
1688.325773	44.08921133
1688.078951	44.93154902
1687.832202	45.79080161
1687.585525	46.66476762
1687.338919	47.54125544
1687.092386	48.43275668
1686.845925	49.33507974
1686.599536	50.2359565
1686.353218	51.15334593
1686.106973	52.04313431
1685.8608	52.90715287
1685.614698	53.725188
1685.368669	54.54282084
1685.122711	55.3509963
1684.876825	56.17160743
1684.63101	56.99373335
1684.385268	57.74892954
1684.139597	58.47131381
1683.893998	59.19772621
1683.64847	59.90841472
1683.403014	60.62816154
1683.157629	61.35708899
1682.912316	62.09532112
1682.667075	62.73980154
1682.421905	63.38024232
1682.176806	63.99219953
1681.931779	64.60326731
1681.686823	65.21950638
1681.441939	65.76767309
1681.197126	66.28663403
1680.952384	66.81001157
1680.707713	67.2849368
1680.463114	67.72542703
1680.218585	68.16911306
1679.974128	68.55612884
1679.729742	68.89898605
1679.485428	69.20337704
1679.241184	69.50044532
1678.997011	69.77692724
1678.752909	70.05482085
1678.508878	70.30133101
1678.264918	70.46530484
1678.02103	70.6222251
1677.777211	70.77846461
1677.533464	70.91490648
1677.289788	71.05162972
1677.046182	71.18863495
1676.802647	71.32088237
1676.559183	71.42583259
1676.315789	71.53099836
1676.072467	71.62556602
1675.829214	71.71658478
1675.586033	71.80143523
1675.342922	71.87095916
1675.099881	71.93780148
1674.856911	72.00213816
1674.614012	72.05166605
1674.371183	72.09782756
1674.128424	72.14308424
1673.885736	72.18551976
1673.643118	72.23518802
1673.40057	72.28694408
1673.158093	72.33889573
1672.915686	72.3914587
1672.673349	72.44624386
1672.431082	72.50987168
1672.188886	72.57675894
1671.946759	72.64378656
1671.704703	72.71088547
1671.462717	72.7815251
1671.220801	72.85253622
1670.978955	72.92362674
1670.737179	73.00195283
1670.495473	73.09091693
1670.253836	73.18000192
1670.01227	73.27500017
1669.770774	73.37467264
1669.529347	73.4886956
1669.28799	73.60949574
1669.046703	73.73361845
1668.805486	73.8633718
1668.564338	73.99662862
1668.32326	74.13365548
1668.082252	74.27420449
1667.841313	74.41802422
1667.600444	74.56327144
1667.359645	74.70880913
1667.118915	74.85524492
1666.878255	75.00713215
1666.637664	75.16026466
1666.397142	75.31794557
1666.15669	75.47525865
1665.916307	75.63290527
1665.675994	75.79088614
1665.43575	75.94854596
1665.195575	76.10636711
1664.95547	76.26452138
1664.715433	76.41271798
1664.475466	76.55578303
1664.235568	76.69914141
1663.99574	76.83954257
1663.75598	76.96802719
1663.516289	77.08930634
1663.276668	77.20480721
1663.037115	77.3111407
1662.797632	77.41031631
1662.558217	77.50776756
1662.318872	77.5990164
1662.079595	77.67892979
1661.840387	77.75114933
1661.601248	77.81091389
1661.362178	77.87077222
1661.123177	77.93053381
1660.884244	77.96733043
1660.64538	77.98638763
1660.406585	77.99503844
1660.167858	77.99553274
1659.929201	77.99603776
1659.690611	77.99655352
1659.452091	77.99146124
1659.213638	77.98352448
1658.975255	77.9755928
1658.73694	77.96339676
1658.498693	77.95075894
1658.260515	77.93813042
1658.022405	77.92001858
1657.784363	77.89652517
1657.54639	77.87079144
1657.308485	77.84499287
1657.070649	77.8209073
1656.83288	77.79684639
1656.59518	77.77287876
1656.357548	77.75008493
1656.119985	77.73439433
1655.882489	77.72579257
1655.645062	77.72349122
1655.407702	77.72121551
1655.170411	77.72425491
1654.933187	77.74378558
1654.696032	77.77582517
1654.458945	77.81086475
1654.221925	77.85425099
1653.984974	77.89767748
1653.74809	77.94114425
1653.511274	77.99092123
1653.274526	78.04622099
1653.037846	78.10559549
1652.801233	78.18707152
1652.564689	78.26866072
1652.328211	78.35697918
1652.091802	78.46314485
1651.85546	78.58548148
1651.619186	78.71594264
1651.38298	78.86559894
1651.146841	79.02634863
1650.910769	79.1874595
1650.674765	79.34893242
1650.438829	79.53200896
1650.202959	79.73217266
1649.967158	79.95145564
1649.731423	80.17665745
1649.495756	80.40558487
1649.260157	80.64334437
1649.024625	80.90559376
1648.789159	81.17803614
1648.553762	81.45215363
1648.318431	81.72964339
1648.083167	82.00809636
1647.847971	82.28751593
1647.612842	82.56907145
1647.37778	82.85332914
1647.142785	83.14061523
1646.907857	83.43192076
1646.672996	83.72380662
1646.438202	84.01415836
1646.203475	84.30375091
1645.968815	84.58851445
1645.734221	84.87102465
1645.499695	85.1452754
1645.265235	85.41797945
1645.030843	85.6915929
1644.796517	85.96611886
1644.562257	86.21900818
1644.328065	86.46132717
1644.093939	86.68629688
1643.85988	86.91144097
1643.625887	87.12274189
1643.391961	87.32672829
1643.158102	87.51080237
1642.924309	87.68336699
1642.690583	87.85517909
1642.456923	88.01943689
1642.22333	88.18402825
1641.989803	88.34895391
1641.756342	88.51087902
1641.522948	88.66432981
1641.28962	88.79865059
1641.056359	88.92291114
1640.823164	89.03388444
1640.590035	89.14365941
1640.356972	89.25142357
1640.123976	89.34242471
1639.891046	89.41861697
1639.658181	89.49022556
1639.425383	89.56000019
1639.192652	89.62984187
1638.959986	89.69975068
1638.727386	89.75713402
1638.494852	89.80615594
1638.262384	89.84055311
1638.029983	89.8717602
1637.797647	89.90077199
1637.565377	89.92306533
1637.333172	89.9434485
1637.101034	89.96140436
1636.868962	89.97928404
1636.636955	89.99669569
1636.405014	90.0141154
1636.173139	90.03154317
1635.941329	90.0491562
1635.709586	90.067816
1635.477907	90.0858372
1635.246295	90.10736331
1635.014748	90.1306905
1634.783266	90.15402874
1634.551851	90.17783478
1634.3205	90.2057801
1634.089215	90.23335236
1633.857996	90.26129211
1633.626842	90.2894246
1633.395753	90.31757188
1633.16473	90.34632894
1632.933772	90.37893666
1632.70288	90.41720297
1632.472052	90.46209766
1632.24129	90.5087069
1632.010593	90.55391341
1631.779962	90.5987495
1631.549395	90.64455227
1631.318894	90.69054965
1631.088458	90.73639102
1630.858087	90.78142241
1630.627781	90.82647849
1630.39754	90.87155925
1630.167364	90.91661778
1629.937253	90.95939464
1629.707207	91.00304205
1629.477226	91.04402653
1629.24731	91.08503074
1629.017458	91.12605469
1628.787672	91.16643264
1628.55795	91.19961126
1628.328293	91.2328052
1628.098701	91.26491345
1627.869174	91.29654704
1627.639711	91.32819501
1627.410313	91.35680253
1627.18098	91.37990708
1626.951711	91.39317649
1626.722507	91.39991594
1626.493368	91.40634421
1626.264293	91.41230122
1626.035282	91.41826357
1625.806336	91.42069252
1625.577455	91.42231688
1625.348638	91.42391175
1625.119885	91.42538262
1624.891197	91.42685706
1624.662573	91.42833509
1624.434013	91.42981669
1624.205518	91.42945684
1623.977087	91.42550577
1623.74872	91.42155822
1623.520417	91.41761417
1623.292179	91.41367363
1623.064005	91.41023279
1622.835895	91.41032728
1622.607849	91.41075805
1622.379867	91.41197637
1622.151949	91.4135043
1621.924095	91.41503726
1621.696305	91.42260337
1621.468579	91.43454355
1621.240918	91.46049324
1621.01332	91.48647186
1620.785786	91.5135349
1620.558315	91.54061068
1620.330909	91.56823569
1620.103566	91.59911379
1619.876288	91.63197173
1619.649073	91.66492583
1619.421921	91.69815775
1619.194834	91.73140644
1618.96781	91.76467192
1618.74085	91.79795419
1618.513953	91.84278798
1618.28712	91.89169978
1618.060351	91.94064204
1617.833645	91.98961477
1617.607002	92.0385362
1617.380423	92.08912438
1617.153908	92.13826474
1616.927456	92.18704275
1616.701067	92.23487485
1616.474742	92.28240661
1616.24848	92.32996771
1616.022282	92.37026977
1615.796147	92.40599565
1615.570075	92.43943113
1615.344066	92.47210209
1615.118121	92.50433324
1614.892238	92.53658042
1614.666419	92.56786576
1614.440663	92.59678542
1614.214971	92.62252084
1613.989341	92.64784073
1613.763774	92.67196162
1613.538271	92.69609503
1613.31283	92.72024096
1613.087452	92.7386114
1612.862138	92.74343888
1612.636886	92.74605927
1612.411697	92.74868408
1612.186571	92.75128617
1611.961508	92.7512717
1611.736508	92.74738251
1611.511571	92.74285282
1611.286696	92.73809065
1611.061884	92.73304574
1610.837135	92.72792109
1610.612449	92.72312604
1610.387825	92.71870469
1610.163264	92.7088129
1609.938765	92.69467215
1609.714329	92.67939589
1609.489956	92.66412575
1609.265645	92.64886173
1609.041397	92.63282767
1608.817211	92.61703329
1608.593087	92.60362388
1608.369026	92.59044627
1608.145028	92.57783027
1607.921092	92.56522071
1607.697218	92.55554027
1607.473406	92.54982427
1607.249657	92.54769588
1607.02597	92.54700721
1606.802346	92.54632107
1606.578783	92.54622426
1606.355283	92.54752664
1606.131845	92.55086093
1605.908469	92.55535188
1605.685156	92.56049527
1605.461904	92.56603539
1605.238715	92.57167541
1605.015587	92.58022081
1604.792522	92.59319155
1604.569518	92.61430313
1604.346576	92.638677
1604.123697	92.66317556
1603.900879	92.68768318
1603.678123	92.71219988
1603.45543	92.73916066
1603.232797	92.76602176
1603.010227	92.79109965
1602.787719	92.81601635
1602.565272	92.84057377
1602.342887	92.86453645
1602.120564	92.88619557
1601.898302	92.90934705
1601.676102	92.93374484
1601.453964	92.9565176
1601.231887	92.97905664
1601.009872	93.00088905
1600.787919	93.02169683
1600.566027	93.0418158
1600.344196	93.06041241
1600.122427	93.07775468
1599.90072	93.09435175
1599.679074	93.11029405
1599.457489	93.11530414
1599.235966	93.11863214
1599.014504	93.11326082
1598.793103	93.10603299
1598.571764	93.09846939
1598.350485	93.0909092
1598.129269	93.08258818
1597.908113	93.07163489
1597.687019	93.06068529
1597.465985	93.04981036
1597.245013	93.03880606
1597.024102	93.02755169
1596.803252	93.01489743
1596.582464	93.00219555
1596.361736	92.98299176
1596.141069	92.9606551
1595.920464	92.93929905
1595.699919	92.91765308
1595.479435	92.89597226
1595.259012	92.87404822
1595.03865	92.85208893
1594.818349	92.8310791
1594.598109	92.81120019
1594.377929	92.79143692
1594.157811	92.77475635
1593.937753	92.76399485
1593.717756	92.75345038
1593.497819	92.74314202
1593.277944	92.73400102
1593.058128	92.72542378
1592.838374	92.71685099
1592.61868	92.70960401
1592.399047	92.70379346
1592.179474	92.69798686
1591.959962	92.69263513
1591.740511	92.68734765
1591.52112	92.68374912
1591.301789	92.68079633
1591.082519	92.67784764
1590.863309	92.68337267
1590.64416	92.68970517
1590.425071	92.69503729
1590.206042	92.70015015
1589.987074	92.70540045
1589.768166	92.71178559
1589.549318	92.71817212
1589.330531	92.72390096
1589.111804	92.72847978
1588.893137	92.73232341
1588.67453	92.73427661
1588.455983	92.73330945
1588.237496	92.73524108
1588.01907	92.73955015
1587.800703	92.74266893
1587.582397	92.74479822
1587.36415	92.74693137
1587.145964	92.7474639
1586.927838	92.74742128
1586.709771	92.74738216
1586.491765	92.74634919
1586.273818	92.74449862
1586.055931	92.74200369
1585.838104	92.73951276
1585.620337	92.73616055
1585.40263	92.72803924
1585.184982	92.72007919
1584.967394	92.7134166
1584.749866	92.70675706
1584.532398	92.69933387
1584.314989	92.69056658
1584.09764	92.68180166
1583.880351	92.67340532
1583.663121	92.66628973
1583.445951	92.66019941
1583.22884	92.65629845
1583.011789	92.65385265
1582.794797	92.64630624
1582.577865	92.63726414
1582.360992	92.62934093
1582.144179	92.62298419
1581.927425	92.61663031
1581.710731	92.61179138
1581.494096	92.60697005
1581.27752	92.60215102
1581.061003	92.59916897
1580.844546	92.59787848
1580.628148	92.59699782
1580.41181	92.59611977
1580.19553	92.5963726
1579.97931	92.59829562
1579.763149	92.59982538
1579.547047	92.60281062
1579.331004	92.60607555
1579.11502	92.61139471
1578.899095	92.61798731
1578.68323	92.62458237
1578.467423	92.63119457
1578.251675	92.63766918
1578.035986	92.64451608
1577.820357	92.65262444
1577.604786	92.66214307
1577.389274	92.68083181
1577.173821	92.69952553
1576.958427	92.71793371
1576.743091	92.73562489
1576.527815	92.75347596
1576.312597	92.77181045
1576.097438	92.79014982
1575.882337	92.80849405
1575.667296	92.82608559
1575.452313	92.84324979
1575.237389	92.86039133
1575.022523	92.87753743
1574.807716	92.896888
1574.592967	92.91805295
1574.378277	92.94038177
1574.163646	92.96139234
1573.949073	92.98190073
1573.734559	93.00020427
1573.520103	93.01819145
1573.305705	93.03618523
1573.091366	93.05605147
1572.877086	93.07575514
1572.662863	93.0945719
1572.448699	93.11007493
1572.234594	93.1234997
1572.020546	93.13161271
1571.806557	93.13972754
1571.592627	93.14785045
1571.378754	93.15600865
1571.16494	93.16326911
1570.951183	93.16963246
1570.737485	93.17599779
1570.523846	93.18349347
1570.310264	93.19173473
1570.09674	93.2000845
1569.883274	93.20821992
1569.669867	93.21635841
1569.456517	93.21672485
1569.243225	93.21347615
1569.029992	93.21016641
1568.816816	93.20755862
1568.603698	93.20558119
1568.390638	93.20461184
1568.177636	93.20364696
1567.964692	93.20065761
1567.751806	93.19646532
1567.538977	93.19243225
1567.326206	93.18894277
1567.113493	93.18551855
1566.900838	93.18252814
1566.688241	93.1799251
1566.475701	93.1773246
1566.263218	93.1747162
1566.050794	93.17175061
1565.838427	93.16994207
1565.626117	93.16851041
1565.413866	93.1642497
1565.201671	93.15722503
1564.989534	93.14961747
1564.777455	93.14110148
1564.565433	93.13240205
1564.353469	93.12488292
1564.141562	93.12429345
1563.929712	93.12399616
1563.71792	93.12370249
1563.506185	93.12247756
1563.294508	93.11977511
1563.082888	93.11643258
1562.871325	93.11284116
1562.659819	93.10884903
1562.448371	93.10486116
1562.23698	93.0996926
1562.025646	93.09120752
1561.814369	93.08130307
1561.603149	93.0735374
1561.391987	93.06638599
1561.180881	93.05924063
1560.969833	93.05210132
1560.758842	93.04409029
1560.547907	93.03376344
1560.33703	93.02502164
1560.12621	93.02071714
1559.915447	93.01641632
1559.70474	93.0122387
1559.494091	93.00839346
1559.283498	93.00465077
1559.072962	92.99830157
1558.862484	92.9880634
1558.652062	92.97782748
1558.441696	92.96759383
1558.231388	92.95783452
1558.021136	92.94899577
1557.810941	92.94085797
1557.600803	92.9370591
1557.390721	92.93326549
1557.180696	92.92947713
1556.970728	92.92666208
1556.760816	92.92815075
1556.550961	92.92958098
1556.341163	92.92468143
1556.131421	92.91978937
1555.921735	92.9149048
1555.712106	92.91002772
1555.502534	92.90699401
1555.293018	92.90592269
1555.083558	92.9019514
1554.874155	92.89798453
1554.664809	92.89402209
1554.455518	92.8901548
1554.246284	92.88650696
1554.037106	92.88283648
1553.827985	92.88076298
1553.61892	92.8796547
1553.409911	92.87854887
1553.200958	92.87744548
1552.992062	92.8762602
1552.783221	92.87577104
1552.574437	92.86902301
1552.365709	92.8615533
1552.157037	92.85408739
1551.948421	92.84664288
1551.739862	92.83909795
1551.531358	92.83044881
1551.32291	92.82429151
1551.114519	92.82459958
1550.906183	92.82491089
1550.697903	92.82522544
1550.48968	92.82554324
1550.281512	92.82429621
1550.0734	92.82085574
1549.865344	92.81711863
1549.657343	92.81338604
1549.449399	92.80965797
1549.24151	92.80590314
1549.033677	92.80213563
1548.8259	92.7996365
1548.618179	92.80133462
1548.410513	92.80334159
1548.202903	92.80535531
1547.995349	92.80737576
1547.78785	92.80920981
1547.580407	92.81437283
1547.37302	92.82177556
1547.165688	92.82918184
1546.958412	92.83659169
1546.751191	92.84462535
1546.544025	92.85313009
1546.336916	92.86184013
1546.129861	92.86709852
1545.922862	92.86926876
1545.715919	92.87144003
1545.509031	92.87361233
1545.302198	92.87578567
1545.095421	92.88239784
1544.888699	92.89259874
1544.682032	92.9028048
1544.475421	92.91301603
1544.268864	92.92323243
1544.062364	92.93350833
1543.855918	92.94417725
1543.649527	92.95058737
1543.443192	92.95104344
1543.236912	92.95150686
1543.030687	92.95197765
1542.824517	92.9524558
1542.618402	92.95234013
1542.412342	92.95169046
1542.206337	92.95106147
1542.000388	92.95043685
1541.794493	92.94922252
1541.588653	92.94628826
1541.382868	92.94509734
1541.177139	92.94365226
1540.971464	92.9435555
1540.765844	92.94384615
1540.560278	92.94414035
1540.354768	92.94443809
1540.149312	92.94261225
1539.943912	92.9344105
1539.738566	92.92487871
1539.533275	92.91535073
1539.328038	92.90582658
1539.122856	92.89630625
1538.917729	92.88678973
1538.712657	92.87683121
1538.507639	92.87032785
1538.302676	92.86813566
1538.097768	92.86594676
1537.892914	92.86376117
1537.688114	92.86126058
1537.48337	92.85586924
1537.278679	92.84822548
1537.074043	92.84023519
1536.869462	92.832251
1536.664935	92.82573002
1536.460463	92.81911869
1536.256045	92.80757678
1536.051681	92.79588036
1535.847372	92.78614014
1535.643117	92.77640736
1535.438916	92.76668202
1535.23477	92.75721119
1535.030678	92.75256344
1534.82664	92.74770668
1534.622656	92.74348754
1534.418727	92.73927203
1534.214852	92.73506016
1534.011031	92.73085192
1533.807264	92.72595769
1533.603551	92.7213284
1533.399893	92.71310473
1533.196288	92.70283058
1532.992738	92.69255857
1532.789241	92.68228868
1532.585799	92.67640672
1532.38241	92.67247656
1532.179076	92.67030965
1531.975796	92.66887848
1531.772569	92.66685474
1531.569396	92.66421007
1531.366278	92.66328906
1531.163213	92.66632324
1530.960202	92.66902487
1530.757244	92.66819603
1530.554341	92.66737197
1530.351491	92.66655269
1530.148696	92.6645591
1529.945954	92.66312302
1529.743265	92.66248722
1529.54063	92.66244477
1529.338049	92.66240636
1529.135522	92.66237197
1528.933048	92.66234162
1528.730628	92.66389281
1528.528262	92.66498914
1528.325949	92.6692656
1528.123689	92.67390155
1527.921483	92.67853958
1527.719331	92.68015982
1527.517232	92.68027827
1527.315187	92.6799082
1527.113195	92.67875245
1526.911256	92.67713303
1526.709371	92.67688188
1526.507539	92.67663199
1526.305761	92.67477047
1526.104036	92.67152949
1525.902364	92.67130562
1525.700745	92.67460959
1525.49918	92.67791553
1525.297668	92.68059293
1525.096209	92.6827794
1524.894804	92.68394417
1524.693452	92.68484863
1524.492152	92.68483048
1524.290906	92.68480837
1524.089714	92.68478887
1523.888574	92.68459092
1523.687487	92.68425491
1523.486453	92.68449678
1523.285473	92.68565236
1523.084545	92.68681104
1522.883671	92.68903963
1522.682849	92.6926312
1522.48208	92.69633667
1522.281365	92.70019646
1522.080702	92.70447714
1521.880092	92.70898699
1521.679535	92.71337014
1521.479031	92.71775537
1521.278579	92.72225211
1521.078181	92.72712415
1520.877835	92.72815516
1520.677542	92.72763318
1520.477302	92.72764521
1520.277114	92.7288025
1520.07698	92.73002327
1519.876898	92.73242124
1519.676868	92.7348197
1519.476891	92.73817403
1519.276967	92.74167994
1519.077096	92.74507273
1518.877277	92.7479597
1518.67751	92.75084731
1518.477796	92.75196046
1518.278135	92.75018934
1518.078526	92.74830357
1517.87897	92.74594002
1517.679466	92.74357915
1517.480014	92.74119978
1517.280615	92.73881304
1517.081269	92.73598261
1516.881974	92.73219369
1516.682732	92.72840734
1516.483543	92.72496227
1516.284405	92.72344589
1516.08532	92.72177784
1515.886288	92.72211395
1515.687307	92.72240741
1515.488379	92.72216323
1515.289503	92.72191996
1515.090679	92.72123306
1514.891907	92.71953862
1514.693188	92.71784502
1514.49452	92.71501723
1514.295905	92.71177933
1514.097342	92.70934476
1513.898831	92.70710669
1513.700372	92.70486958
1513.501965	92.70620446
1513.303609	92.70927175
1513.105306	92.71280181
1512.907055	92.71635623
1512.708856	92.71991245
1512.510709	92.72275685
1512.312613	92.72555235
1512.11457	92.72937155
1511.916578	92.73315051
1511.718639	92.73693147
1511.520751	92.73866218
1511.322915	92.73758331
1511.12513	92.73665412
1510.927398	92.73639235
1510.729717	92.73546264
1510.532088	92.73439909
1510.33451	92.73333826
1510.136984	92.73275789
1509.93951	92.73255391
1509.742088	92.73235248
1509.544717	92.73293715
1509.347398	92.73340846
1509.15013	92.73303154
1508.952914	92.73265711
1508.755749	92.73228516
1508.558636	92.72643364
1508.361575	92.71896654
1508.164565	92.71077964
1507.967606	92.70259513
1507.770699	92.6945632
1507.573843	92.68717998
1507.377039	92.67850479
1507.180286	92.66887056
1506.983584	92.65972422
1506.786934	92.65058055
1506.590335	92.64469553
1506.393787	92.6402466
1506.197291	92.63323608
1506.000846	92.62413058
1505.804452	92.61499552
1505.608109	92.60586497
1505.411818	92.59673892
1505.215577	92.5870812
1505.019388	92.57730714
1504.82325	92.5675376
1504.627163	92.55728913
1504.431127	92.54729422
1504.235142	92.5373037
1504.039209	92.52731757
1503.843326	92.51795903
1503.647494	92.5130267
1503.451714	92.50951108
1503.255984	92.50599683
1503.060305	92.50248395
1502.864678	92.4985089
1502.669101	92.49435765
1502.473575	92.49198948
1502.2781	92.48962261
1502.082675	92.48640778
1501.887302	92.48311109
1501.691979	92.47640218
1501.496708	92.4695768
1501.301487	92.46955649
1501.106316	92.47273977
1500.911197	92.47575061
1500.716128	92.47876588
1500.52111	92.48179994
1500.326143	92.48502574
1500.131226	92.48825593
1499.93636	92.49149049
1499.741544	92.49525485
1499.546779	92.49963574
1499.352065	92.50402086
1499.157401	92.5084102
1498.962788	92.51244041
1498.768225	92.51570211
1498.573713	92.51939927
1498.379251	92.5230988
1498.18484	92.52680069
1497.990479	92.53117182
1497.796169	92.53501541
1497.601909	92.53865785
1497.407699	92.5423025
1497.21354	92.54700508
1497.019431	92.5526412
1496.825373	92.56030439
1496.631365	92.56713769
1496.437407	92.56246582
1496.243499	92.55901115
1496.049641	92.55583308
1495.855834	92.55265749
1495.662077	92.549489
1495.46837	92.54633252
1495.274714	92.54317852
1495.081107	92.53984177
1494.887551	92.53607288
1494.694044	92.53240226
1494.500588	92.52873415
1494.307182	92.52506854
1494.113826	92.51760213
1493.92052	92.5082653
1493.727264	92.4988542
1493.534058	92.48944829
1493.340902	92.48004759
1493.147796	92.46950859
1492.95474	92.45855347
1492.761733	92.44760379
1492.568777	92.43665953
1492.37587	92.4250795
1492.183014	92.41338945
1491.990207	92.40192198
1491.79745	92.39719409
1491.604743	92.3955627
1491.412086	92.39244576
1491.219478	92.38893788
1491.02692	92.38543079
1490.834412	92.38174107
1490.641953	92.37792012
1490.449545	92.37410004
1490.257186	92.36949615
1490.064876	92.36475743
1489.872616	92.35943684
1489.680406	92.35411735
1489.488245	92.35320027
1489.296134	92.35899583
1489.104073	92.3650964
1488.912061	92.37066537
1488.720098	92.37624163
1488.528185	92.38198029
1488.336322	92.38894827
1488.144508	92.39592328
1487.952743	92.40290531
1487.761028	92.40989437
1487.569362	92.41687802
1487.377746	92.4202185
1487.186179	92.42053921
1486.994661	92.41904378
1486.803192	92.41783806
1486.611773	92.41804843
1486.420404	92.41861518
1486.229083	92.41918564
1486.037812	92.41986682
1485.84659	92.42057262
1485.655417	92.42173629
1485.464293	92.42330976
1485.273218	92.42488677
1485.082193	92.42597801
1484.891217	92.42268166
1484.70029	92.41386154
1484.509412	92.39908479
1484.318583	92.38603615
1484.127803	92.37403389
1483.937072	92.36205795
1483.74639	92.34866261
1483.555757	92.33424164
1483.365173	92.31982703
1483.174638	92.30541878
1482.984152	92.29101689
1482.793715	92.27644547
1482.603327	92.26522309
1482.412988	92.25208481
1482.222697	92.23591359
1482.032456	92.21848508
1481.842263	92.20039065
1481.652119	92.1820205
1481.462024	92.16361664
1481.271978	92.14476614
1481.08198	92.12535238
1480.892031	92.10265
1480.702131	92.07996227
1480.512279	92.05728917
1480.322477	92.03557721
1480.132722	92.01838104
1479.943017	92.00277936
1479.75336	91.98954465
1479.563752	91.97322543
1479.374192	91.95500247
1479.184681	91.93635278
1478.995218	91.91762976
1478.805804	91.89909725
1478.616439	91.88057122
1478.427122	91.86205167
1478.237853	91.8435386
1478.048633	91.82368275
1477.859462	91.80506833
1477.670338	91.78662708
1477.481263	91.7740961
1477.292237	91.76057759
1477.103259	91.74545851
1476.914329	91.72923424
1476.725448	91.71304745
1476.536614	91.69692075
1476.34783	91.68440962
1476.159093	91.67299029
1475.970405	91.66158092
1475.781765	91.65016459
1475.593173	91.63697848
1475.404629	91.62386015
1475.216133	91.61076595
1475.027686	91.5976939
1474.839287	91.58575446
1474.650936	91.57428284
1474.462633	91.5645146
1474.274378	91.5528125
1474.086171	91.54106065
1473.898012	91.52931638
1473.709901	91.5175797
1473.521839	91.50585059
1473.333824	91.4889409
1473.145857	91.47145924
1472.957938	91.45240573
1472.770067	91.42923291
1472.582244	91.40684181
1472.394469	91.38573626
1472.206742	91.36632676
1472.019063	91.34509483
1471.831431	91.32205982
1471.643847	91.29809374
1471.456312	91.27413781
1471.268824	91.25019204
1471.081383	91.22319582
1470.893991	91.19453328
1470.706646	91.16532454
1470.519349	91.13229892
1470.332099	91.09878352
1470.144898	91.06254538
1469.957744	91.02496536
1469.770637	90.98540083
1469.583578	90.94488892
1469.396567	90.90440251
1469.209604	90.86394159
1469.022688	90.82350615
1468.835819	90.78419593
1468.648998	90.74290021
1468.462225	90.70054302
1468.275499	90.65823159
1468.08882	90.61596383
1467.90219	90.569538
1467.715606	90.51916493
1467.52907	90.46611453
1467.342581	90.41287041
1467.15614	90.35279454
1466.969746	90.29276506
1466.783399	90.23278195
1466.5971	90.17348425
1466.410848	90.11481539
1466.224644	90.05564432
1466.038486	89.9955389
1465.852376	89.93389007
1465.666314	89.87182124
1465.480298	89.80153325
1465.29433	89.71990631
1465.108408	89.63436096
1464.922534	89.5474134
1464.736708	89.46057125
1464.550928	89.37383436
1464.365195	89.2854807
1464.17951	89.19236554
1463.993871	89.08585613
1463.80828	88.97576331
1463.622736	88.8550757
1463.437238	88.73163308
1463.251788	88.60564865
1463.066385	88.47732543
1462.881029	88.34092871
1462.695719	88.18556977
1462.510457	88.02337568
1462.325242	87.86151723
1462.140073	87.69715342
1461.954951	87.52582434
1461.769877	87.3548627
1461.584849	87.18146184
1461.399868	86.98980418
1461.214933	86.7801331
1461.030046	86.57042516
1460.845205	86.34168465
1460.660411	86.10314623
1460.475664	85.85167849
1460.290963	85.59791967
1460.10631	85.34493065
1459.921703	85.08988829
1459.737142	84.82064359
1459.552629	84.53896244
1459.368162	84.23977849
1459.183741	83.92903265
1458.999367	83.56476657
1458.81504	83.2022001
1458.630759	82.83105931
1458.446525	82.45491266
1458.262337	82.04544206
1458.078196	81.5956561
1457.894102	81.14846499
1457.710054	80.70269767
1457.526052	80.22914385
1457.342097	79.75853326
1457.158188	79.29084661
1456.974326	78.82179292
1456.79051	78.28823793
1456.60674	77.73302814
1456.423017	77.16211971
1456.23934	76.5386186
1456.055709	75.90618956
1455.872125	75.23952102
1455.688587	74.57874402
1455.505095	73.9239216
1455.32165	73.2350238
1455.138251	72.54918795
1454.954898	71.81734984
1454.771591	71.06995848
1454.58833	70.28931558
1454.405116	69.44746788
1454.221948	68.61650109
1454.038825	67.77861423
1453.855749	66.94140443
1453.672719	66.03180774
1453.489735	65.11690994
1453.306798	64.21505505
1453.123906	63.29821644
1452.94106	62.38785963
1452.75826	61.49114467
1452.575507	60.60785946
1452.392799	59.73653587
1452.210137	58.81009597
1452.027521	57.89392428
1451.844951	56.9709608
1451.662427	56.05924166
1451.479949	55.15234712
1451.297517	54.23838957
1451.11513	53.34011865
1450.93279	52.46116405
1450.750495	51.59906682
1450.568246	50.75161862
1450.386043	49.9537982
1450.203885	49.17057702
1450.021773	48.42320637
1449.839707	47.70849042
1449.657687	47.00474225
1449.475713	46.33442103
1449.293784	45.71184757
1449.111901	45.16636075
1448.930063	44.63660275
1448.748271	44.14582734
1448.566525	43.68712511
1448.384824	43.23417753
1448.203169	42.78690504
1448.021559	42.34522924
1447.839995	41.92907609
1447.658477	41.67552072
1447.477004	41.47304157
1447.295576	41.314601
1447.114194	41.20393723
1446.932858	41.13968356
1446.751566	41.15747304
1446.570321	41.20587609
1446.38912	41.29535127
1446.207965	41.38644753
1446.026856	41.50427684
1445.845792	41.7062964
1445.664773	41.91107237
1445.483799	42.24309648
1445.302871	42.65007109
1445.121988	43.06346576
1444.94115	43.51815458
1444.760358	44.06874983
1444.579611	44.70967727
1444.398909	45.38814757
1444.218252	46.09759126
1444.037641	46.8193536
1443.857074	47.55365969
1443.676553	48.30073885
1443.496077	49.06082476
1443.315646	49.84480151
1443.13526	50.6890083
1442.954919	51.59645285
1442.774623	52.52074033
1442.594373	53.46199586
1442.414167	54.42466929
1442.234006	55.4033729
1442.053891	56.38165263
1441.87382	57.37782701
1441.693794	58.39223474
1441.513813	59.40325555
1441.333878	60.41082762
1441.153987	61.43428354
1440.974141	62.39398303
1440.79434	63.35101509
1440.614583	64.32306468
1440.434872	65.26783839
1440.255205	66.19943982
1440.075583	67.09634705
1439.896006	67.9447002
1439.716474	68.80420473
1439.536987	69.67501273
1439.357544	70.55727841
1439.178146	71.45115818
1438.998793	72.35681063
1438.819484	73.20047454
1438.640221	73.94194859
1438.461001	74.66613199
1438.281827	75.39108025
1438.102697	76.09998989
1437.923612	76.77783904
1437.744571	77.37023893
1437.565575	77.96504738
1437.386623	78.56476881
1437.207716	79.1694467
1437.028854	79.71710155
1436.850036	80.25122481
1436.671262	80.76518162
1436.492533	81.21605861
1436.313849	81.64073697
1436.135209	82.04834476
1435.956613	82.40757004
1435.778062	82.74926808
1435.599555	83.04227639
1435.421092	83.31426072
1435.242674	83.58727042
1435.064301	83.86131004
1434.885971	84.13638416
1434.707686	84.41249737
1434.529445	84.68965431
1434.351249	84.91381422
1434.173096	85.10547397
1433.994988	85.29226929
1433.816925	85.4768566
1433.638905	85.65178704
1433.46093	85.80945026
1433.282999	85.95216892
1433.105111	86.0948182
1432.927269	86.23774714
1432.74947	86.38004638
1432.571715	86.50589115
1432.394005	86.63197289
1432.216338	86.75053535
1432.038716	86.86232774
1431.861138	86.97089935
1431.683603	87.05695854
1431.506113	87.13752672
1431.328667	87.20886487
1431.151265	87.27654601
1430.973906	87.3429248
1430.796592	87.40938984
1430.619322	87.47594125
1430.442095	87.54257917
1430.264913	87.60930371
1430.087774	87.67317724
1429.910679	87.70993241
1429.733628	87.74293786
1429.556621	87.77039212
1429.379658	87.79624027
1429.202738	87.81480518
1429.025862	87.83075572
1428.849031	87.84004597
1428.672242	87.84839331
1428.495498	87.85674863
1428.318797	87.86237781
1428.14214	87.86231248
1427.965527	87.8622592
1427.788957	87.84797069
1427.612431	87.82960961
1427.435949	87.79723207
1427.25951	87.76023379
1427.083115	87.71995775
1426.906764	87.67579164
1426.730456	87.62849169
1426.554192	87.57476779
1426.377971	87.52110107
1426.201794	87.46749146
1426.02566	87.4139389
1425.84957	87.36044332
1425.673523	87.30104366
1425.497519	87.23672947
1425.32156	87.17183102
1425.145643	87.10528029
1424.96977	87.03800244
1424.793941	86.96906652
1424.618154	86.90052518
1424.442412	86.83107923
1424.266712	86.76144179
1424.091056	86.69188485
1423.915443	86.62449718
1423.739874	86.55860099
1423.564347	86.49315068
1423.388865	86.44161131
1423.213425	86.39008053
1423.038028	86.34402978
1422.862675	86.29990239
1422.687365	86.25452165
1422.512098	86.21127289
1422.336875	86.16984795
1422.161694	86.13419221
1421.986557	86.09856208
1421.811463	86.06295755
1421.636412	86.0273786
1421.461404	85.99253321
1421.286439	85.96996409
1421.111517	85.95297321
1420.936638	85.9368198
1420.761802	85.92549995
1420.58701	85.91569877
1420.41226	85.90544321
1420.237553	85.89519998
1420.062889	85.88876795
1419.888269	85.88404371
1419.713691	85.87933096
1419.539156	85.87802763
1419.364664	85.87724897
1419.190215	85.87646056
1419.015808	85.87562896
1418.841445	85.87720802
1418.667124	85.87690048
1418.492847	85.88048368
1418.318612	85.88151572
1418.14442	85.88124435
1417.97027	85.88053982
1417.796164	85.87727788
1417.6221	85.8740176
1417.448079	85.87075899
1417.2741	85.86750205
1417.100165	85.86338515
1416.926272	85.8494397
1416.752422	85.8344298
1416.578614	85.81932498
1416.404849	85.80128493
1416.231126	85.78384566
1416.057447	85.76533954
1415.883809	85.74684607
1415.710215	85.72550288
1415.536663	85.70226194
1415.363153	85.67871097
1415.189686	85.65318811
1415.016262	85.62768146
1414.84288	85.60164417
1414.66954	85.57628418
1414.496243	85.55230596
1414.322989	85.52835235
1414.149777	85.50509068
1413.976607	85.4865162
1413.80348	85.46845586
1413.630395	85.45057536
1413.457352	85.43568727
1413.284352	85.42080784
1413.111394	85.40593705
1412.938479	85.39358911
1412.765606	85.38615315
1412.592775	85.39250764
1412.419986	85.39886865
1412.24724	85.40398264
1412.074536	85.41615559
1411.901874	85.43298512
1411.729254	85.45393757
1411.556677	85.47490296
1411.384142	85.50087665
1411.211649	85.53171719
1411.039198	85.56668811
1410.866789	85.60752029
1410.694422	85.64838034
1410.522098	85.70305948
1410.349815	85.76631123
1410.177575	85.83081017
1410.005377	85.89899378
1409.833221	85.97069767
1409.661106	86.04622821
1409.489034	86.12212768
1409.317004	86.19810699
1409.145016	86.27962404
1408.97307	86.36145354
1408.801165	86.44384767
1408.629303	86.52972908
1408.457483	86.61550684
1408.285704	86.70108004
1408.113968	86.78828619
1407.942273	86.88043078
1407.77062	86.96931938
1407.599009	87.05659288
1407.42744	87.14369107
1407.255913	87.23088539
1407.084427	87.3163909
1406.912983	87.39947319
1406.741581	87.4792028
1406.570221	87.55743536
1406.398903	87.6353354
1406.227626	87.69746116
1406.056391	87.75963369
1405.885198	87.82266167
1405.714046	87.88457071
1405.542936	87.94109387
1405.371868	87.99415517
1405.200841	88.04705324
1405.029856	88.09999122
1404.858912	88.1460428
1404.68801	88.19108562
1404.51715	88.23329006
1404.346331	88.2745028
1404.175554	88.30753281
1404.004819	88.33617855
1403.834124	88.35804861
1403.663472	88.37991757
1403.492861	88.4015402
1403.322291	88.41976457
1403.151763	88.43627667
1402.981276	88.45279867
1402.81083	88.46845063
1402.640426	88.48227223
1402.470064	88.48964215
1402.299743	88.49673762
1402.129463	88.50181767
1401.959224	88.50287398
1401.789027	88.49780168
1401.618871	88.4918691
1401.448757	88.48612508
1401.278684	88.4814658
1401.108652	88.47520773
1400.938661	88.46891893
1400.768712	88.46263541
1400.598803	88.45858394
1400.428936	88.45400912
1400.25911	88.44731171
1400.089326	88.4406187
1399.919582	88.44124714
1399.74988	88.44272266
1399.580219	88.44421512
1399.410599	88.44571383
1399.24102	88.4467449
1399.071482	88.44779144
1398.901985	88.44956509
1398.732529	88.45134471
1398.563115	88.45354329
1398.393741	88.45844074
1398.224409	88.46776085
1398.055117	88.47708824
1397.885866	88.49163243
1397.716657	88.5096859
1397.547488	88.52946719
1397.37836	88.54925581
1397.209274	88.56905176
1397.040228	88.58749472
1396.871223	88.60737111
1396.702259	88.62727544
1396.533335	88.64718716
1396.364453	88.66539929
1396.195611	88.68606097
1396.026811	88.7068293
1395.858051	88.72646824
1395.689332	88.74097996
1395.520653	88.75672155
1395.352016	88.77246931
1395.183419	88.78822324
1395.014863	88.80486083
1394.846348	88.82178526
1394.677873	88.83862831
1394.509439	88.85547892
1394.341046	88.87195874
1394.172693	88.88421414
1394.004381	88.89459753
1393.83611	88.9030738
1393.667879	88.906328
1393.499689	88.90778985
1393.33154	88.90925772
1393.163431	88.9107316
1392.995362	88.91193403
1392.827334	88.91477817
1392.659347	88.91656116
1392.4914	88.91834846
1392.323494	88.92014006
1392.155628	88.92036729
1391.987803	88.9194763
1391.820018	88.91858843
1391.652274	88.91918435
1391.48457	88.92140543
1391.316906	88.92362759
1391.149283	88.92585084
1390.9817	88.92807518
1390.814158	88.92812293
1390.646656	88.92849255
1390.479194	88.92820368
1390.311773	88.92791685
1390.144392	88.92776359
1389.977051	88.93176031
1389.80975	88.93638119
1389.64249	88.94196069
1389.47527	88.95331938
1389.30809	88.96468261
1389.140951	88.9760504
1388.973852	88.98742273
1388.806792	88.99860482
1388.639774	89.00777756
1388.472795	89.01650442
1388.305856	89.02523452
1388.138958	89.03440403
1387.972099	89.04528472
1387.805281	89.05615593
1387.638503	89.06701162
1387.471765	89.07606462
1387.305067	89.08453354
1387.138409	89.0930049
1386.971791	89.10147873
1386.805213	89.11019325
1386.638675	89.12149004
1386.472177	89.13096901
1386.30572	89.14115258
1386.139302	89.15133907
1385.972924	89.16151672
1385.806586	89.16929924
1385.640287	89.17701663
1385.474029	89.18160732
1385.307811	89.18172661
1385.141632	89.18184785
1384.975494	89.18197105
1384.809395	89.18209621
1384.643336	89.18370543
1384.477317	89.18698272
1384.311338	89.19190815
1384.145398	89.19683666
1383.979499	89.20182051
1383.813639	89.20682035
1383.647818	89.21182513
1383.482038	89.21774891
1383.316297	89.22391691
1383.150596	89.23008618
1382.984935	89.23625815
1382.819313	89.24243284
1382.653731	89.24796226
1382.488189	89.25218163
1382.322686	89.26003229
1382.157223	89.26771324
1381.9918	89.27539712
1381.826416	89.28262367
1381.661071	89.29147623
1381.495767	89.30367435
1381.330502	89.32097442
1381.165276	89.34149734
1381.00009	89.36202672
1380.834943	89.38256258
1380.669836	89.40310491
1380.504768	89.42098786
1380.33974	89.43857539
1380.174751	89.45502201
1380.009802	89.47097035
1379.844892	89.48626778
1379.680022	89.50198589
1379.515191	89.51964041
1379.350399	89.53863449
1379.185647	89.56015465
1379.020934	89.58168568
1378.85626	89.60322759
1378.691626	89.62478039
1378.527031	89.6466864
1378.362475	89.66884538
1378.197958	89.68672847
1378.033481	89.70367899
1377.869043	89.72063886
1377.704645	89.73880557
1377.540285	89.75147561
1377.375965	89.76007952
1377.211684	89.76304523
1377.047442	89.76437515
1376.883239	89.76570564
1376.719076	89.76703672
1376.554951	89.76886302
1376.390866	89.77251542
1376.22682	89.7753782
1376.062813	89.77606247
1375.898845	89.77674694
1375.734916	89.77743359
1375.571026	89.77470954
1375.407176	89.76271407
1375.243364	89.74671436
1375.079591	89.72470879
1374.915857	89.70271866
1374.752162	89.68074396
1374.588507	89.65878468
1374.42489	89.63628627
1374.261312	89.61369802
1374.097773	89.59240433
1373.934273	89.57154947
1373.770812	89.55070874
1373.60739	89.52403373
1373.444006	89.49587345
1373.280662	89.46752719
1373.117356	89.4384185
1372.954089	89.40932697
1372.790861	89.38025259
1372.627672	89.35119534
1372.464522	89.32053809
1372.30141	89.28806211
1372.138337	89.25600896
1371.975303	89.22516651
1371.812308	89.19386077
1371.649351	89.16305063
1371.486433	89.1412665
1371.323554	89.12297603
1371.160714	89.11087423
1370.997912	89.10210422
1370.835148	89.09333817
1370.672424	89.08457607
1370.509738	89.07574498
1370.347091	89.06622987
1370.184482	89.05671916
1370.021912	89.0476159
1369.85938	89.03863658
1369.696887	89.03144529
1369.534433	89.03954718
1369.372017	89.05035578
1369.209639	89.06522249
1369.0473	89.08672161
1368.885	89.10823797
1368.722738	89.12977158
1368.560514	89.15132247
1368.398329	89.17618216
1368.236183	89.20231727
1368.074075	89.23035937
1367.912005	89.26289984
1367.749973	89.29545896
1367.58798	89.32600015
1367.426026	89.35610091
1367.26411	89.38671439
1367.102232	89.41805395
1366.940392	89.44948798
1366.778591	89.48093743
1366.616828	89.5124023
1366.455103	89.54566515
1366.293417	89.5822439
1366.131768	89.61884273
1365.970159	89.65831541
1365.808587	89.69991171
1365.647053	89.74057491
1365.485558	89.78058116
1365.324101	89.82048641
1365.162682	89.85844119
1365.001301	89.89474364
1364.839959	89.93106495
1364.678654	89.96740514
1364.517388	90.00376423
1364.35616	90.04004854
1364.19497	90.07634956
1364.033818	90.11287374
1363.872704	90.15386654
1363.711628	90.19484351
1363.55059	90.23545859
1363.38959	90.27609764
1363.228628	90.31842495
1363.067704	90.3611451
1362.906818	90.40389091
1362.74597	90.44666239
1362.585161	90.48945957
1362.424389	90.52989121
1362.263655	90.56879045
1362.102958	90.60771139
1361.9423	90.64570293
1361.78168	90.68636607
1361.621098	90.72775869
1361.460553	90.76781488
1361.300046	90.80858755
1361.139577	90.85349777
1360.979146	90.89933072
1360.818753	90.94518953
1360.658398	90.99107423
1360.49808	91.0365284
1360.3378	91.08050986
1360.177558	91.12383926
1360.017354	91.16619972
1359.857187	91.20502678
1359.697058	91.24561186
1359.536967	91.28622221
1359.376914	91.32685785
1359.216898	91.36603359
1359.05692	91.40499949
1358.896979	91.44398862
1358.737076	91.48300099
1358.577211	91.52203662
1358.417384	91.56253483
1358.257594	91.60328913
1358.097841	91.64406732
1357.938126	91.68213502
1357.778449	91.70982018
1357.618809	91.7398384
1357.459207	91.76998396
1357.299642	91.79870115
1357.140115	91.81798397
1356.980625	91.83727378
1356.821173	91.8565706
1356.661759	91.87587443
1356.502381	91.89569931
1356.343041	91.91582472
1356.183739	91.93432712
1356.024474	91.9521276
1355.865246	91.96372626
1355.706056	91.97614285
1355.546903	91.9885651
1355.387788	92.00099302
1355.22871	92.00784304
1355.069669	92.01196988
1354.910666	92.01610206
1354.7517	92.02023958
1354.592771	92.02412198
1354.433879	92.02602642
1354.275025	92.02793506
1354.116208	92.02984789
1353.957428	92.03128697
1353.798686	92.03461132
1353.63998	92.03371973
1353.481312	92.03283427
1353.322681	92.0326367
1353.164087	92.0347257
1353.005531	92.03682082
1352.847011	92.03892205
1352.688529	92.0410294
1352.530084	92.0413684
1352.371676	92.04147539
1352.213305	92.0417153
1352.054971	92.04632019
1351.896674	92.05022582
1351.738415	92.05307021
1351.580192	92.05591665
1351.422006	92.05876511
1351.263858	92.06766673
1351.105746	92.07776224
1350.947671	92.08786111
1350.789634	92.09796334
1350.631633	92.1084803
1350.473669	92.11969736
1350.315743	92.13091766
1350.157853	92.14394122
1350	92.15635512
